1 0.6171875 0.5 0.328125 1
1 0.880859375 0.671875 0.20703125 0.6484375
1 0.84375 0.169921875 0.125 0.33984375
1 0.1015625 0.25390625 0.203125 0.4296875
1 0.259765625 0.734375 0.38671875 0.53125
1 0.421875 0.12890625 0.046875 0.0546875
1 0.3359375 0.025390625 0.0546875 0.04296875
1 0.416015625 0.01953125 0.07421875 0.0390625
1 0.3359375 0.08203125 0.0390625 0.0390625
1 0.240234375 0.01953125 0.07421875 0.0390625
1 0.435546875 0.302734375 0.03515625 0.03515625
1 0.357421875 0.30859375 0.07421875 0.125
1 0.328125 0.423828125 0.25 0.09765625