2 0.259765625 0.091796875 0.05859375 0.15234375
2 0.09765625 0.16015625 0.03125 0.1015625
2 0.025390625 0.13671875 0.05078125 0.265625
2 0.333984375 0.02734375 0.05859375 0.0546875
2 0.458984375 0.083984375 0.05859375 0.16796875
2 0.3984375 0.0625 0.015625 0.09375
2 0.509765625 0.05078125 0.05859375 0.1015625
2 0.578125 0.044921875 0.0625 0.08984375
2 0.689453125 0.01953125 0.03515625 0.0390625
2 0.74609375 0.03515625 0.015625 0.046875
2 0.822265625 0.080078125 0.06640625 0.16015625
2 0.76171875 0.09765625 0.046875 0.0390625
2 0.705078125 0.080078125 0.05859375 0.07421875
2 0.646484375 0.0859375 0.06640625 0.1171875
2 0.560546875 0.1171875 0.04296875 0.03125
2 0.83203125 0.201171875 0.046875 0.08203125
2 0.724609375 0.138671875 0.05078125 0.04296875
2 0.73046875 0.201171875 0.1171875 0.10546875
2 0.58203125 0.15625 0.0703125 0.0390625
2 0.4921875 0.19140625 0.09375 0.0703125
2 0.58203125 0.2109375 0.0703125 0.0546875
2 0.646484375 0.197265625 0.06640625 0.05078125
2 0.845703125 0.3046875 0.05859375 0.125
2 0.861328125 0.404296875 0.04296875 0.11328125
2 0.646484375 0.248046875 0.03515625 0.05859375
2 0.5859375 0.27734375 0.078125 0.09375
2 0.5078125 0.31640625 0.046875 0.0703125
2 0.48828125 0.248046875 0.03125 0.02734375
2 0.70703125 0.3046875 0.078125 0.09375
2 0.771484375 0.333984375 0.04296875 0.04296875
2 0.58984375 0.38671875 0.0703125 0.125
2 0.609375 0.47265625 0.046875 0.0546875
2 0.51953125 0.431640625 0.0546875 0.13671875
2 0.71484375 0.4609375 0.078125 0.0546875
2 0.755859375 0.41796875 0.08203125 0.1015625
2 0.642578125 0.39453125 0.02734375 0.046875
2 0.55078125 0.53125 0.03125 0.0546875
2 0.673828125 0.517578125 0.09765625 0.10546875
2 0.849609375 0.51953125 0.08203125 0.109375
2 0.59375 0.59765625 0.0546875 0.09375
2 0.90234375 0.626953125 0.0625 0.09765625
2 0.84375 0.65234375 0.0390625 0.0546875
2 0.9296875 0.744140625 0.0625 0.12890625
2 0.95703125 0.90625 0.078125 0.1796875
2 0.8828125 0.908203125 0.03125 0.07421875
2 0.828125 0.857421875 0.0625 0.10546875
2 0.77734375 0.953125 0.03125 0.0703125
2 0.83203125 0.767578125 0.0390625 0.08203125
2 0.609375 0.6875 0.0625 0.078125
2 0.685546875 0.7265625 0.07421875 0.09375
2 0.72265625 0.822265625 0.0546875 0.11328125
2 0.6953125 0.8671875 0.0703125 0.1640625
2 0.35546875 0.134765625 0.0546875 0.05078125
2 0.408203125 0.220703125 0.04296875 0.11328125
2 0.423828125 0.337890625 0.04296875 0.14453125
2 0.310546875 0.244140625 0.06640625 0.08203125
2 0.23828125 0.310546875 0.0546875 0.09765625
2 0.078125 0.306640625 0.1015625 0.05859375
2 0.09375 0.2421875 0.03125 0.046875
2 0.11328125 0.40234375 0.125 0.140625
2 0.3125 0.451171875 0.078125 0.13671875
2 0.2578125 0.486328125 0.046875 0.16015625
2 0.162109375 0.587890625 0.12890625 0.23046875
2 0.46484375 0.548828125 0.03125 0.08203125
2 0.529296875 0.650390625 0.05859375 0.11328125
2 0.333984375 0.572265625 0.06640625 0.12109375
2 0.48828125 0.673828125 0.0390625 0.05859375
2 0.412109375 0.681640625 0.04296875 0.08984375
2 0.291015625 0.70703125 0.02734375 0.046875
2 0.244140625 0.748046875 0.08203125 0.10546875
2 0.58203125 0.76953125 0.0390625 0.046875
2 0.52734375 0.775390625 0.0390625 0.10546875
2 0.47265625 0.80078125 0.0390625 0.1171875
2 0.373046875 0.77734375 0.02734375 0.03125
2 0.291015625 0.86328125 0.09765625 0.1171875
2 0.380859375 0.888671875 0.04296875 0.03515625
2 0.533203125 0.892578125 0.04296875 0.05859375
2 0.5859375 0.89453125 0.0390625 0.078125
2 0.64453125 0.974609375 0.03125 0.04296875
2 0.626953125 0.923828125 0.02734375 0.04296875
2 0.560546875 0.982421875 0.04296875 0.03515625
2 0.458984375 0.93359375 0.03515625 0.03125
2 0.4453125 0.859375 0.0546875 0.0625
2 0.39453125 0.837890625 0.0390625 0.01953125
2 0.322265625 0.783203125 0.02734375 0.05078125
2 0.1953125 0.208984375 0.03125 0.04296875