2 0.771484375 0.330078125 0.19140625 0.27734375
2 0.6796875 0.09375 0.140625 0.1875
2 0.84765625 0.68359375 0.21875 0.4296875
2 0.44921875 0.673828125 0.1171875 0.17578125
2 0.6328125 0.6171875 0.1015625 0.1796875
2 0.5390625 0.244140625 0.09375 0.18359375
2 0.26953125 0.1015625 0.5390625 0.203125
2 0.57421875 0.041015625 0.0625 0.08203125
2 0.22265625 0.30078125 0.4453125 0.1875
2 0.1953125 0.486328125 0.390625 0.17578125
2 0.29296875 0.6796875 0.1875 0.1953125
2 0.54296875 0.5078125 0.046875 0.046875
2 0.47265625 0.478515625 0.0546875 0.05859375
2 0.462890625 0.568359375 0.10546875 0.03515625
2 0.615234375 0.255859375 0.05078125 0.12890625
2 0.544921875 0.8125 0.07421875 0.34375
2 0.373046875 0.87890625 0.26953125 0.234375
2 0.65234375 0.861328125 0.140625 0.27734375
2 0.69140625 0.48828125 0.0390625 0.0234375
2 0.51953125 0.412109375 0.0234375 0.03515625
2 0.6171875 0.376953125 0.0234375 0.03515625
2 0.111328125 0.6640625 0.16796875 0.171875