2 0.333984375 0.34765625 0.26171875 0.6953125
2 0.55859375 0.185546875 0.0546875 0.10546875
2 0.55078125 0.0390625 0.046875 0.078125
2 0.60546875 0.130859375 0.0390625 0.06640625
2 0.6171875 0.337890625 0.0625 0.08203125
2 0.498046875 0.5234375 0.06640625 0.1640625
2 0.712890625 0.484375 0.17578125 0.125
2 0.71875 0.3671875 0.0625 0.109375
2 0.7890625 0.228515625 0.078125 0.10546875
2 0.650390625 0.779296875 0.17578125 0.44140625
2 0.51171875 0.693359375 0.09375 0.06640625
2 0.82421875 0.533203125 0.0546875 0.12890625
2 0.91015625 0.412109375 0.0546875 0.07421875
2 0.9765625 0.310546875 0.046875 0.08984375
2 0.87890625 0.283203125 0.0625 0.08203125
2 0.841796875 0.1328125 0.05078125 0.0703125
2 0.9453125 0.75390625 0.109375 0.4921875
2 0.81640625 0.8203125 0.1484375 0.359375
2 0.53515625 0.943359375 0.0546875 0.11328125
2 0.80078125 0.044921875 0.3984375 0.08984375