2 0.115234375 0.15625 0.12109375 0.3125
2 0.3203125 0.263671875 0.1015625 0.52734375
2 0.232421875 0.45703125 0.05078125 0.1171875
2 0.486328125 0.169921875 0.16796875 0.33984375
2 0.232421875 0.2265625 0.04296875 0.109375
2 0.240234375 0.955078125 0.05078125 0.08984375
2 0.41796875 0.927734375 0.1875 0.14453125
2 0.763671875 0.1796875 0.38671875 0.359375
2 0.869140625 0.419921875 0.06640625 0.12890625
2 0.669921875 0.48046875 0.16796875 0.234375
2 0.5390625 0.599609375 0.0703125 0.51953125
2 0.486328125 0.70703125 0.05078125 0.1796875
2 0.724609375 0.73046875 0.05859375 0.1484375
2 0.62109375 0.861328125 0.0859375 0.25390625
2 0.59375 0.666015625 0.03125 0.13671875
2 0.546875 0.927734375 0.0625 0.14453125
2 0.451171875 0.38671875 0.04296875 0.09375
2 0.40234375 0.453125 0.03125 0.046875
2 0.6953125 0.626953125 0.0859375 0.05859375