0 0.7734375 0.423828125 0.3359375 0.44921875
0 0.43359375 0.822265625 0.3671875 0.34765625
0 0.193359375 0.509765625 0.30078125 0.23828125
0 0.498046875 0.05078125 0.12109375 0.078125
0 0.4453125 0.2890625 0.1953125 0.265625
0 0.166015625 0.10546875 0.11328125 0.0859375
0 0.072265625 0.328125 0.11328125 0.0625
0 0.11328125 0.818359375 0.1953125 0.33984375
0 0.689453125 0.115234375 0.11328125 0.13671875
0 0.958984375 0.103515625 0.05859375 0.17578125
0 0.814453125 0.109375 0.07421875 0.0703125
0 0.484375 0.55078125 0.21875 0.1640625
0 0.279296875 0.2890625 0.09765625 0.1484375
0 0.33984375 0.076171875 0.1015625 0.12890625