2 0.376953125 0.28515625 0.55078125 0.5703125
2 0.83203125 0.078125 0.0625 0.15625
2 0.962890625 0.03125 0.07421875 0.0625
2 0.708984375 0.26171875 0.12109375 0.5234375
2 0.8359375 0.458984375 0.0703125 0.25390625
2 0.787109375 0.37890625 0.03515625 0.203125
2 0.923828125 0.4296875 0.05859375 0.15625
2 0.9765625 0.34375 0.046875 0.125
2 0.71875 0.646484375 0.125 0.12890625
2 0.712890625 0.904296875 0.14453125 0.19140625
2 0.564453125 0.896484375 0.08203125 0.20703125
2 0.5234375 0.67578125 0.046875 0.203125
2 0.453125 0.63671875 0.0859375 0.1015625
2 0.283203125 0.595703125 0.15234375 0.05078125
2 0.1640625 0.83984375 0.0625 0.3203125
2 0.25390625 0.8515625 0.0625 0.140625
2 0.4375 0.876953125 0.1171875 0.24609375
2 0.337890625 0.91015625 0.09765625 0.1796875