2 0.1328125 0.8125 0.0390625 0.0703125
2 0.3359375 0.912109375 0.0625 0.05859375
2 0.41796875 0.8046875 0.046875 0.0546875
2 0.5390625 0.708984375 0.0703125 0.04296875
2 0.66796875 0.66015625 0.0390625 0.0859375
2 0.720703125 0.78515625 0.07421875 0.2265625
2 0.666015625 0.8984375 0.17578125 0.203125
2 0.447265625 0.892578125 0.07421875 0.02734375
2 0.521484375 0.86328125 0.05078125 0.0859375
2 0.216796875 0.70703125 0.08203125 0.265625
2 0.3515625 0.708984375 0.046875 0.10546875
2 0.314453125 0.80859375 0.05078125 0.0546875
2 0.298828125 0.65625 0.03515625 0.0625
2 0.337890625 0.484375 0.04296875 0.1171875
2 0.453125 0.716796875 0.0390625 0.06640625
2 0.498046875 0.53125 0.15234375 0.234375
2 0.662109375 0.443359375 0.06640625 0.10546875
2 0.337890625 0.287109375 0.07421875 0.09765625
2 0.544921875 0.302734375 0.04296875 0.10546875
2 0.765625 0.37890625 0.1328125 0.0859375
2 0.775390625 0.236328125 0.05078125 0.12890625
2 0.884765625 0.09765625 0.09765625 0.1953125
2 0.2734375 0.193359375 0.03125 0.06640625
2 0.294921875 0.037109375 0.05859375 0.07421875
2 0.46875 0.1640625 0.0390625 0.109375
2 0.4375 0.033203125 0.0546875 0.06640625
2 0.736328125 0.02734375 0.09765625 0.0546875
2 0.658203125 0.017578125 0.03515625 0.03515625
2 0.029296875 0.61328125 0.03515625 0.359375
2 0.205078125 0.423828125 0.04296875 0.05859375
2 0.568359375 0.744140625 0.04296875 0.05078125
2 0.396484375 0.4765625 0.03515625 0.109375