2 0.857421875 0.5546875 0.13671875 0.65625
2 0.91015625 0.93359375 0.0859375 0.1328125
2 0.330078125 0.58203125 0.12109375 0.25
2 0.212890625 0.51953125 0.12109375 0.40625
2 0.099609375 0.765625 0.14453125 0.4609375
2 0.640625 0.142578125 0.6484375 0.28515625
2 0.61328125 0.470703125 0.3828125 0.48046875
2 0.34765625 0.3515625 0.2421875 0.15625
2 0.455078125 0.830078125 0.20703125 0.33984375
2 0.60546875 0.876953125 0.125 0.19921875
2 0.70703125 0.755859375 0.125 0.16796875
2 0.25390625 0.833984375 0.0390625 0.05078125
2 0.373046875 0.857421875 0.05859375 0.05859375
2 0.3984375 0.943359375 0.0546875 0.07421875
2 0.306640625 0.771484375 0.06640625 0.05078125
2 0.255859375 0.97265625 0.05859375 0.0546875