2 0.3984375 0.490234375 0.1171875 0.11328125
2 0.59765625 0.591796875 0.09375 0.14453125
2 0.791015625 0.458984375 0.07421875 0.16015625
2 0.916015625 0.46484375 0.05859375 0.078125
2 0.953125 0.861328125 0.09375 0.27734375
2 0.6015625 0.955078125 0.1171875 0.08984375
2 0.724609375 0.822265625 0.14453125 0.14453125
2 0.810546875 0.8125 0.06640625 0.0625
2 0.412109375 0.77734375 0.08984375 0.1171875
2 0.615234375 0.16015625 0.09765625 0.3203125
2 0.34765625 0.1640625 0.1171875 0.328125
2 0.134765625 0.443359375 0.14453125 0.87890625
2 0.19921875 0.94140625 0.1875 0.1171875
2 0.4140625 0.35546875 0.0625 0.0625
2 0.759765625 0.978515625 0.08984375 0.04296875