0 0.75 0.53515625 0.2578125 0.9140625
0 0.1484375 0.388671875 0.296875 0.28515625
0 0.111328125 0.8515625 0.18359375 0.2734375
0 0.24609375 0.921875 0.0703125 0.15625
0 0.16796875 0.619140625 0.21875 0.15234375
0 0.333984375 0.6875 0.04296875 0.046875
0 0.509765625 0.380859375 0.16796875 0.33984375
0 0.5546875 0.7265625 0.125 0.3359375
0 0.427734375 0.763671875 0.07421875 0.10546875
0 0.486328125 0.962890625 0.13671875 0.07421875
0 0.087890625 0.1015625 0.13671875 0.1875
0 0.400390625 0.041015625 0.13671875 0.07421875