0 0.724609375 0.13671875 0.26953125 0.2734375
0 0.70703125 0.39453125 0.1640625 0.234375
0 0.9140625 0.537109375 0.1640625 0.50390625
0 0.2890625 0.248046875 0.046875 0.06640625
0 0.048828125 0.111328125 0.09765625 0.22265625
0 0.048828125 0.26171875 0.05859375 0.0234375
0 0.0390625 0.35546875 0.078125 0.0703125
0 0.044921875 0.57421875 0.08984375 0.0625
0 0.224609375 0.52734375 0.04296875 0.1328125
0 0.15625 0.587890625 0.0546875 0.06640625
0 0.533203125 0.580078125 0.05078125 0.05078125
0 0.541015625 0.37890625 0.05859375 0.2265625
0 0.298828125 0.083984375 0.04296875 0.06640625
0 0.427734375 0.7421875 0.06640625 0.0546875
0 0.328125 0.73046875 0.0625 0.046875
0 0.623046875 0.705078125 0.11328125 0.17578125
0 0.03515625 0.73828125 0.0703125 0.0703125
0 0.029296875 0.85546875 0.05078125 0.0703125
0 0.134765625 0.923828125 0.08984375 0.15234375
0 0.189453125 0.298828125 0.04296875 0.02734375
0 0.193359375 0.431640625 0.04296875 0.06640625
0 0.3984375 0.486328125 0.0625 0.05859375
0 0.626953125 0.94140625 0.06640625 0.1171875
0 0.822265625 0.96484375 0.13671875 0.0703125
0 0.724609375 0.759765625 0.07421875 0.07421875