0 0.7734375 0.078125 0.09375 0.078125
0 0.888671875 0.197265625 0.07421875 0.08203125
0 0.33203125 0.2890625 0.1796875 0.2578125
0 0.29296875 0.486328125 0.15625 0.13671875
0 0.236328125 0.6015625 0.15234375 0.09375
0 0.240234375 0.71484375 0.20703125 0.1328125
0 0.181640625 0.830078125 0.15234375 0.08984375
0 0.037109375 0.84375 0.07421875 0.140625
0 0.71484375 0.353515625 0.0859375 0.19140625
0 0.576171875 0.33203125 0.05859375 0.0703125
0 0.51171875 0.044921875 0.1015625 0.08984375
0 0.412109375 0.583984375 0.08984375 0.06640625
0 0.37890625 0.744140625 0.0625 0.14453125
0 0.58984375 0.625 0.015625 0.0390625
0 0.681640625 0.681640625 0.06640625 0.09765625
0 0.662109375 0.8046875 0.01953125 0.0234375
0 0.703125 0.88671875 0.0390625 0.03125
0 0.609375 0.84765625 0.0703125 0.0703125
0 0.4921875 0.87109375 0.03125 0.03125
0 0.302734375 0.95703125 0.06640625 0.046875
0 0.205078125 0.990234375 0.02734375 0.01953125
0 0.96484375 0.287109375 0.0234375 0.04296875
0 0.5546875 0.931640625 0.125 0.06640625
0 0.185546875 0.103515625 0.04296875 0.03515625
0 0.14453125 0.408203125 0.0390625 0.04296875
0 0.0703125 0.310546875 0.0546875 0.03515625
0 0.48046875 0.693359375 0.0859375 0.04296875
0 0.501953125 0.197265625 0.05859375 0.16796875
0 0.84765625 0.931640625 0.046875 0.05078125
0 0.884765625 0.865234375 0.11328125 0.04296875
0 0.763671875 0.654296875 0.03515625 0.05859375