2 0.203125 0.525390625 0.21875 0.23828125
2 0.236328125 0.671875 0.07421875 0.046875
2 0.904296875 0.5 0.19140625 1
2 0.6328125 0.84765625 0.09375 0.2890625
2 0.40234375 0.923828125 0.0703125 0.05859375
2 0.443359375 0.861328125 0.05859375 0.05078125
2 0.552734375 0.9609375 0.08984375 0.078125
2 0.736328125 0.8203125 0.05078125 0.328125
2 0.720703125 0.537109375 0.06640625 0.12109375
2 0.580078125 0.51953125 0.12109375 0.1015625
2 0.345703125 0.498046875 0.08203125 0.12890625
2 0.39453125 0.658203125 0.1328125 0.16015625
2 0.4296875 0.41015625 0.21875 0.1015625
2 0.435546875 0.4609375 0.05859375 0.09375
2 0.181640625 0.208984375 0.25390625 0.41796875
2 0.3984375 0.142578125 0.1171875 0.28515625
2 0.529296875 0.2578125 0.19921875 0.390625
2 0.6953125 0.16015625 0.140625 0.3203125
2 0.568359375 0.673828125 0.08984375 0.14453125
2 0.15625 0.947265625 0.1171875 0.10546875
2 0.580078125 0.822265625 0.04296875 0.05859375