0 0.669921875 0.36328125 0.13671875 0.453125
0 0.580078125 0.654296875 0.16796875 0.12109375
0 0.52734375 0.771484375 0.1484375 0.10546875
0 0.494140625 0.89453125 0.12109375 0.1328125
0 0.4375 0.982421875 0.0546875 0.02734375
0 0.76171875 0.140625 0.0546875 0.09375
0 0.830078125 0.064453125 0.08203125 0.12890625
0 0.404296875 0.330078125 0.05078125 0.09765625
0 0.052734375 0.35546875 0.06640625 0.203125
0 0.22265625 0.390625 0.125 0.625
0 0.115234375 0.333984375 0.02734375 0.12109375
0 0.25390625 0.953125 0.15625 0.09375
0 0.234375 0.765625 0.09375 0.1171875
0 0.419921875 0.576171875 0.08203125 0.05859375
0 0.33203125 0.1015625 0.0859375 0.203125
0 0.498046875 0.046875 0.05859375 0.0703125
0 0.24609375 0.03515625 0.0703125 0.0703125
0 0.5625 0.111328125 0.0625 0.11328125
0 0.63671875 0.046875 0.078125 0.09375
0 0.533203125 0.337890625 0.08203125 0.08984375
0 0.35546875 0.8515625 0.078125 0.046875
0 0.404296875 0.189453125 0.04296875 0.05859375