0 0.181640625 0.521484375 0.23828125 0.49609375
0 0.423828125 0.765625 0.23046875 0.4609375
0 0.333984375 0.20703125 0.09765625 0.0703125
0 0.263671875 0.080078125 0.19140625 0.08984375
0 0.09765625 0.091796875 0.0546875 0.05859375
0 0.0234375 0.044921875 0.0390625 0.08203125
0 0.02734375 0.59375 0.046875 0.609375
0 0.212890625 0.88671875 0.18359375 0.2265625
0 0.578125 0.1171875 0.0703125 0.03125
0 0.52734375 0.23828125 0.046875 0.0625
0 0.501953125 0.39453125 0.04296875 0.078125
0 0.640625 0.91796875 0.0546875 0.15625
0 0.736328125 0.037109375 0.12109375 0.07421875
0 0.818359375 0.107421875 0.06640625 0.10546875
0 0.677734375 0.1328125 0.04296875 0.046875
0 0.767578125 0.86328125 0.08984375 0.2734375
0 0.83203125 0.5703125 0.09375 0.2890625