0 0.54296875 0.13671875 0.0625 0.09375
0 0.509765625 0.3671875 0.23046875 0.2734375
0 0.61328125 0.6953125 0.171875 0.375
0 0.365234375 0.791015625 0.23828125 0.41015625
0 0.32421875 0.291015625 0.140625 0.58203125
0 0.42578125 0.544921875 0.078125 0.07421875
0 0.734375 0.78515625 0.0703125 0.0546875
0 0.724609375 0.6640625 0.05078125 0.03125
0 0.744140625 0.470703125 0.05859375 0.05078125
0 0.716796875 0.966796875 0.12890625 0.05859375
0 0.939453125 0.966796875 0.08203125 0.06640625
0 0.9296875 0.79296875 0.046875 0.046875
0 0.716796875 0.37109375 0.05859375 0.046875
0 0.1796875 0.3359375 0.140625 0.53125
0 0.18359375 0.802734375 0.09375 0.39453125