0 0.609375 0.580078125 0.1953125 0.41796875
0 0.529296875 0.896484375 0.11328125 0.20703125
0 0.390625 0.4140625 0.1328125 0.4453125
0 0.35546875 0.76171875 0.0859375 0.25
0 0.2578125 0.5859375 0.0625 0.0859375
0 0.22265625 0.24609375 0.0859375 0.0859375
0 0.73828125 0.1171875 0.078125 0.21875
0 0.61328125 0.87109375 0.046875 0.0859375
0 0.6796875 0.96484375 0.09375 0.0703125
0 0.3125 0.099609375 0.0390625 0.06640625
0 0.310546875 0.341796875 0.03515625 0.05859375
0 0.087890625 0.7890625 0.08984375 0.09375
0 0.04296875 0.921875 0.0390625 0.109375
0 0.3046875 0.982421875 0.1015625 0.03515625