0 0.1328125 0.1328125 0.171875 0.265625
0 0.10546875 0.4296875 0.15625 0.328125
0 0.103515625 0.6796875 0.18359375 0.140625
0 0.060546875 0.88671875 0.12109375 0.2265625
0 0.236328125 0.935546875 0.06640625 0.12109375
0 0.150390625 0.935546875 0.05078125 0.11328125
0 0.734375 0.130859375 0.1796875 0.26171875
0 0.716796875 0.576171875 0.12109375 0.49609375
0 0.47265625 0.658203125 0.1953125 0.46484375
0 0.271484375 0.056640625 0.08203125 0.11328125
0 0.853515625 0.41015625 0.14453125 0.28125
0 0.8828125 0.775390625 0.2109375 0.44921875
0 0.671875 0.9140625 0.2109375 0.171875
0 0.61328125 0.5625 0.078125 0.5078125
0 0.515625 0.20703125 0.09375 0.4140625
0 0.59765625 0.150390625 0.0625 0.30078125
0 0.716796875 0.294921875 0.11328125 0.05078125
0 0.39453125 0.208984375 0.125 0.41796875
0 0.30859375 0.390625 0.046875 0.140625
0 0.283203125 0.595703125 0.14453125 0.09765625
0 0.33203125 0.693359375 0.0390625 0.12890625
0 0.353515625 0.841796875 0.03515625 0.05859375
0 0.4609375 0.9453125 0.1953125 0.109375