0 0.837890625 0.490234375 0.32421875 0.50390625
0 0.39453125 0.775390625 0.3515625 0.44921875
0 0.767578125 0.103515625 0.14453125 0.20703125
0 0.6171875 0.646484375 0.0859375 0.09765625
0 0.60546875 0.78125 0.0625 0.078125
0 0.107421875 0.916015625 0.21484375 0.16796875
0 0.2734375 0.2734375 0.203125 0.546875
0 0.501953125 0.185546875 0.09765625 0.13671875
0 0.4921875 0.400390625 0.078125 0.17578125
0 0.59765625 0.50390625 0.078125 0.0546875
0 0.419921875 0.03125 0.05078125 0.0234375
0 0.4453125 0.076171875 0.0234375 0.01953125
0 0.525390625 0.078125 0.06640625 0.0234375
0 0.935546875 0.115234375 0.12890625 0.23046875
0 0.619140625 0.3359375 0.08203125 0.078125
0 0.595703125 0.41015625 0.07421875 0.046875
0 0.609375 0.208984375 0.046875 0.03515625
0 0.39453125 0.240234375 0.0390625 0.04296875
0 0.412109375 0.4140625 0.07421875 0.140625