0 0.546875 0.1953125 0.140625 0.25
0 0.5859375 0.427734375 0.1875 0.22265625
0 0.646484375 0.599609375 0.18359375 0.12109375
0 0.701171875 0.83203125 0.16796875 0.3359375
0 0.890625 0.923828125 0.21875 0.15234375
0 0.376953125 0.919921875 0.48046875 0.16015625
0 0.306640625 0.818359375 0.04296875 0.03515625
0 0.416015625 0.583984375 0.05859375 0.03515625
0 0.4375 0.62890625 0.0546875 0.0234375
0 0.525390625 0.6328125 0.05078125 0.0546875
0 0.38671875 0.654296875 0.0390625 0.03515625
0 0.365234375 0.775390625 0.02734375 0.02734375
0 0.443359375 0.740234375 0.05859375 0.04296875
0 0.595703125 0.69921875 0.03515625 0.03125
0 0.189453125 0.673828125 0.04296875 0.04296875
0 0.255859375 0.6796875 0.02734375 0.0546875
0 0.33203125 0.5078125 0.0625 0.046875
0 0.107421875 0.025390625 0.05859375 0.05078125
0 0.23046875 0.130859375 0.046875 0.04296875
0 0.666015625 0.275390625 0.07421875 0.05859375
0 0.708984375 0.380859375 0.03515625 0.02734375
0 0.81640625 0.630859375 0.046875 0.05859375
0 0.8984375 0.673828125 0.03125 0.03515625
0 0.93359375 0.74609375 0.046875 0.03125
0 0.802734375 0.779296875 0.03515625 0.08203125