2 0.728515625 0.42578125 0.37890625 0.25
2 0.82421875 0.67578125 0.3515625 0.3125
2 0.5703125 0.849609375 0.0859375 0.05859375
2 0.662109375 0.958984375 0.08203125 0.08203125
2 0.763671875 0.92578125 0.05078125 0.0546875
2 0.8671875 0.962890625 0.0546875 0.06640625
2 0.115234375 0.5078125 0.23046875 0.3125
2 0.033203125 0.2890625 0.06640625 0.1171875
2 0.0625 0.12109375 0.125 0.1875
2 0.17578125 0.0390625 0.109375 0.046875
2 0.216796875 0.205078125 0.17578125 0.16015625
2 0.3359375 0.337890625 0.0703125 0.11328125
2 0.396484375 0.203125 0.14453125 0.0546875
2 0.42578125 0.095703125 0.140625 0.17578125
2 0.3359375 0.564453125 0.3671875 0.34765625
2 0.552734375 0.55859375 0.06640625 0.140625
2 0.421875 0.373046875 0.109375 0.23046875
2 0.38671875 0.951171875 0.078125 0.09765625
2 0.2265625 0.703125 0.1484375 0.15625
2 0.140625 0.8984375 0.0625 0.0703125
2 0.09765625 0.80859375 0.078125 0.1171875
2 0.12890625 0.671875 0.0390625 0.0546875