0 0.357421875 0.42578125 0.19140625 0.59375
0 0.181640625 0.21875 0.10546875 0.1328125
0 0.291015625 0.06640625 0.13671875 0.125
0 0.626953125 0.24609375 0.13671875 0.1875
0 0.84765625 0.09765625 0.2890625 0.1953125
0 0.791015625 0.654296875 0.15234375 0.48046875
0 0.96875 0.794921875 0.0625 0.12890625
0 0.9140625 0.525390625 0.046875 0.08203125
0 0.92578125 0.625 0.0546875 0.0390625
0 0.880859375 0.30078125 0.07421875 0.0703125
0 0.90234375 0.37109375 0.0859375 0.0390625
0 0.9453125 0.419921875 0.0703125 0.01953125
0 0.5390625 0.423828125 0.09375 0.23828125
0 0.517578125 0.662109375 0.12890625 0.16796875
0 0.26171875 0.87109375 0.1640625 0.1640625
0 0.529296875 0.9375 0.05078125 0.09375
0 0.138671875 0.6328125 0.11328125 0.109375
0 0.51171875 0.046875 0.25 0.09375