1 0.515625 0.146484375 0.78125 0.27734375
1 0.41015625 0.46875 0.75 0.375
1 0.85546875 0.3828125 0.1171875 0.1484375
1 0.27734375 0.796875 0.1796875 0.1640625
1 0.4609375 0.70703125 0.0859375 0.1015625
1 0.3515625 0.951171875 0.0703125 0.08984375
1 0.703125 0.705078125 0.1328125 0.13671875
1 0.921875 0.685546875 0.0703125 0.10546875
1 0.974609375 0.810546875 0.05078125 0.05859375
1 0.84375 0.83984375 0.109375 0.078125
1 0.9375 0.609375 0.0546875 0.09375
1 0.677734375 0.9609375 0.07421875 0.078125
1 0.4375 0.94921875 0.046875 0.0859375