2 0.3643939393939394 0.16666666666666666 0.15 0.14492753623188406
2 0.2553030303030303 0.23369565217391305 0.09242424242424242 0.17028985507246377
2 0.8287878787878787 0.7445652173913043 0.3424242424242424 0.27898550724637683
2 0.5696969696969697 0.6539855072463768 0.1696969696969697 0.36594202898550726
2 0.36893939393939396 0.7391304347826086 0.2833333333333333 0.3333333333333333
2 0.19015151515151515 0.7246376811594203 0.09848484848484848 0.13043478260869565
2 0.5992424242424242 0.19927536231884058 0.12575757575757576 0.08695652173913043
2 0.5553030303030303 0.29891304347826086 0.08333333333333333 0.06884057971014493
2 0.7643939393939394 0.39855072463768115 0.3378787878787879 0.34782608695652173
2 0.4863636363636364 0.3967391304347826 0.26666666666666666 0.12681159420289856
2 0.37727272727272726 0.5271739130434783 0.11515151515151516 0.14130434782608695
2 0.2287878787878788 0.5163043478260869 0.12727272727272726 0.08333333333333333
2 0.12878787878787878 0.4528985507246377 0.12424242424242424 0.11594202898550725
2 0.04090909090909091 0.23369565217391305 0.08181818181818182 0.19927536231884058
2 0.12954545454545455 0.21739130434782608 0.06212121212121212 0.06521739130434782
2 0.02878787878787879 0.411231884057971 0.05757575757575758 0.07608695652173914
2 0.038636363636363635 0.7119565217391305 0.05 0.06159420289855073