2 0.044921875 0.01953125 0.08984375 0.0390625
2 0.03125 0.16015625 0.0625 0.2578125
2 0.046875 0.40234375 0.0625 0.203125
2 0.935546875 0.0546875 0.06640625 0.109375
2 0.2265625 0.013671875 0.0390625 0.02734375
2 0.17578125 0.080078125 0.0234375 0.07421875
2 0.076171875 0.208984375 0.06640625 0.18359375
2 0.1171875 0.2265625 0.015625 0.1328125
2 0.15625 0.189453125 0.03125 0.12890625
2 0.21875 0.232421875 0.0546875 0.13671875
2 0.298828125 0.236328125 0.04296875 0.06640625
2 0.359375 0.240234375 0.0625 0.20703125
2 0.341796875 0.37890625 0.04296875 0.09375
2 0.26953125 0.326171875 0.03125 0.06640625
2 0.13671875 0.302734375 0.0625 0.08984375
2 0.119140625 0.453125 0.04296875 0.0703125
2 0.193359375 0.427734375 0.04296875 0.06640625
2 0.2421875 0.412109375 0.0390625 0.06640625
2 0.27734375 0.443359375 0.0390625 0.16796875
2 0.28515625 0.705078125 0.0390625 0.15234375
2 0.1484375 0.912109375 0.046875 0.17578125
2 0.19921875 0.939453125 0.015625 0.08203125
2 0.24609375 0.974609375 0.0390625 0.05078125
2 0.16015625 0.5390625 0.03125 0.0625
2 0.384765625 0.455078125 0.03515625 0.15234375
2 0.44140625 0.48046875 0.046875 0.171875
2 0.37890625 0.89453125 0.03125 0.0625
2 0.408203125 0.962890625 0.04296875 0.07421875
2 0.45703125 0.79296875 0.03125 0.09375
2 0.517578125 0.8828125 0.03515625 0.1171875
2 0.53515625 0.044921875 0.046875 0.08984375
2 0.681640625 0.01953125 0.05078125 0.0390625
2 0.791015625 0.02734375 0.09765625 0.0546875
2 0.83984375 0.0859375 0.046875 0.078125
2 0.912109375 0.189453125 0.08984375 0.16015625
2 0.59765625 0.0234375 0.046875 0.046875
2 0.580078125 0.1640625 0.04296875 0.1015625
2 0.60546875 0.28515625 0.046875 0.15625
2 0.650390625 0.095703125 0.05078125 0.09765625
2 0.716796875 0.1171875 0.05078125 0.09375
2 0.796875 0.107421875 0.0703125 0.11328125
2 0.724609375 0.154296875 0.05859375 0.00390625
2 0.732421875 0.19921875 0.05078125 0.078125
2 0.673828125 0.205078125 0.05859375 0.12109375
2 0.80859375 0.177734375 0.0703125 0.04296875
2 0.798828125 0.228515625 0.05078125 0.07421875
2 0.853515625 0.2421875 0.05859375 0.0859375
2 0.689453125 0.328125 0.05078125 0.1328125
2 0.75390625 0.31640625 0.046875 0.1015625
2 0.935546875 0.36328125 0.05859375 0.1328125
2 0.8984375 0.380859375 0.0625 0.12890625
2 0.81640625 0.400390625 0.03125 0.16015625
2 0.869140625 0.46875 0.05859375 0.1484375
2 0.853515625 0.61328125 0.10546875 0.1171875
2 0.74609375 0.40625 0.0625 0.0703125
2 0.76171875 0.48828125 0.046875 0.09375
2 0.60546875 0.416015625 0.046875 0.14453125
2 0.64453125 0.408203125 0.0234375 0.05078125
2 0.560546875 0.478515625 0.02734375 0.15234375
2 0.666015625 0.51953125 0.05078125 0.0625
2 0.69140625 0.56640625 0.0625 0.0625
2 0.634765625 0.626953125 0.05078125 0.08984375
2 0.56640625 0.677734375 0.0390625 0.12890625
2 0.576171875 0.78125 0.05859375 0.1015625
2 0.58203125 0.87890625 0.0390625 0.1328125
2 0.646484375 0.830078125 0.04296875 0.12890625
2 0.70703125 0.857421875 0.03125 0.12890625
2 0.720703125 0.736328125 0.05078125 0.10546875
2 0.763671875 0.650390625 0.02734375 0.08203125
2 0.533203125 0.25 0.05078125 0.125
2 0.435546875 0.0234375 0.01953125 0.046875
2 0.341796875 0.837890625 0.04296875 0.05859375
2 0.412109375 0.720703125 0.02734375 0.06640625
2 0.45703125 0.15234375 0.0234375 0.0546875