2 0.263671875 0.70703125 0.03515625 0.0390625
2 0.337890625 0.755859375 0.04296875 0.04296875
2 0.400390625 0.951171875 0.06640625 0.09765625
2 0.544921875 0.837890625 0.07421875 0.12890625
2 0.14453125 0.79296875 0.0859375 0.4140625
2 0.048828125 0.060546875 0.09765625 0.12109375
2 0.0703125 0.255859375 0.0859375 0.25390625
2 0.12890625 0.484375 0.0703125 0.203125
2 0.890625 0.65625 0.21875 0.6875
2 0.240234375 0.466796875 0.05078125 0.14453125
2 0.2890625 0.583984375 0.0390625 0.04296875
2 0.314453125 0.484375 0.05078125 0.1171875
2 0.376953125 0.42578125 0.08203125 0.1953125
2 0.455078125 0.34765625 0.03515625 0.0546875
2 0.529296875 0.607421875 0.19140625 0.06640625
2 0.642578125 0.947265625 0.00390625 0.00390625
2 0.255859375 0.18359375 0.05859375 0.0546875
2 0.271484375 0.015625 0.05859375 0.03125
2 0.587890625 0.166015625 0.43359375 0.29296875
2 0.70703125 0.482421875 0.140625 0.34765625
2 0.552734375 0.44140625 0.16796875 0.25
2 0.564453125 0.69921875 0.14453125 0.125
2 0.29296875 0.341796875 0.0546875 0.10546875
2 0.634765625 0.87109375 0.06640625 0.21875
2 0.49609375 0.94921875 0.03125 0.0546875
2 0.328125 0.107421875 0.0390625 0.04296875