2 0.9375 0.5390625 0.125 0.5390625
2 0.181640625 0.5 0.23828125 1
2 0.431640625 0.583984375 0.08203125 0.16015625
2 0.546875 0.861328125 0.1875 0.14453125
2 0.470703125 0.384765625 0.08203125 0.19921875
2 0.56640625 0.1484375 0.078125 0.296875
2 0.470703125 0.03515625 0.07421875 0.0703125
2 0.64453125 0.283203125 0.1484375 0.56640625
2 0.7578125 0.091796875 0.1015625 0.18359375
2 0.841796875 0.3125 0.07421875 0.1328125
2 0.765625 0.36328125 0.0546875 0.0703125
2 0.77734375 0.55078125 0.0859375 0.1484375
2 0.646484375 0.697265625 0.06640625 0.16796875
2 0.802734375 0.875 0.10546875 0.1484375
2 0.755859375 0.775390625 0.02734375 0.08984375