2 0.80859375 0.755859375 0.2265625 0.48828125
2 0.708984375 0.3203125 0.16796875 0.4296875
2 0.603515625 0.240234375 0.17578125 0.41015625
2 0.474609375 0.12890625 0.12890625 0.2578125
2 0.560546875 0.951171875 0.14453125 0.09765625
2 0.376953125 0.890625 0.14453125 0.1171875
2 0.474609375 0.74609375 0.08984375 0.203125
2 0.6171875 0.705078125 0.234375 0.13671875
2 0.583984375 0.8515625 0.25390625 0.1015625
2 0.171875 0.703125 0.1171875 0.109375
2 0.22265625 0.494140625 0.0859375 0.08984375
2 0.427734375 0.419921875 0.21484375 0.13671875
2 0.15625 0.2734375 0.0703125 0.21875
2 0.232421875 0.216796875 0.09765625 0.17578125
2 0.224609375 0.033203125 0.09765625 0.06640625
2 0.123046875 0.607421875 0.16015625 0.22265625
2 0.068359375 0.353515625 0.10546875 0.07421875
2 0.05078125 0.1171875 0.1015625 0.234375
2 0.302734375 0.623046875 0.14453125 0.10546875