0 0.39453125 0.478515625 0.1796875 0.66796875
0 0.71875 0.55859375 0.046875 0.078125
0 0.662109375 0.5546875 0.04296875 0.0859375
0 0.244140625 0.3046875 0.07421875 0.109375
0 0.12890625 0.740234375 0.0390625 0.06640625
0 0.06640625 0.640625 0.03125 0.078125
0 0.078125 0.791015625 0.0546875 0.05078125
0 0.283203125 0.73046875 0.03515625 0.0859375
0 0.609375 0.96875 0.046875 0.0625
0 0.59375 0.833984375 0.0703125 0.05078125
0 0.59375 0.7578125 0.0546875 0.0625
0 0.59375 0.658203125 0.140625 0.05078125
0 0.119140625 0.962890625 0.08984375 0.05078125
0 0.251953125 0.923828125 0.05078125 0.08984375
0 0.70703125 0.859375 0.0546875 0.046875
0 0.8828125 0.8828125 0.0546875 0.0625
0 0.849609375 0.970703125 0.05859375 0.04296875
0 0.90234375 0.3203125 0.1328125 0.0625
0 0.6875 0.34765625 0.1640625 0.0546875
0 0.92578125 0.4375 0.1484375 0.078125
0 0.8203125 0.529296875 0.078125 0.13671875
0 0.8125 0.6796875 0.15625 0.046875
0 0.884765625 0.728515625 0.05859375 0.04296875
0 0.833984375 0.767578125 0.02734375 0.05859375
0 0.748046875 0.80078125 0.05859375 0.0546875
0 0.572265625 0.029296875 0.06640625 0.05859375
0 0.537109375 0.22265625 0.08203125 0.046875
0 0.9453125 0.146484375 0.0625 0.08203125
0 0.6953125 0.15234375 0.0546875 0.0390625
0 0.744140625 0.185546875 0.03515625 0.03515625
0 0.21484375 0.107421875 0.0625 0.10546875
0 0.09375 0.140625 0.09375 0.2734375
0 0.162109375 0.390625 0.11328125 0.046875
0 0.115234375 0.52734375 0.15234375 0.046875
0 0.65625 0.42578125 0.0703125 0.0625
0 0.72265625 0.083984375 0.046875 0.04296875
0 0.701171875 0.640625 0.05078125 0.078125
0 0.919921875 0.646484375 0.03515625 0.04296875
0 0.9765625 0.611328125 0.046875 0.09765625
0 0.95703125 0.029296875 0.078125 0.05859375
0 0.357421875 0.044921875 0.05078125 0.04296875