2 0.4623188405797101 0.7782608695652173 0.13623188405797101 0.3217391304347826
2 0.6210144927536232 0.4579710144927536 0.07971014492753623 0.1565217391304348
2 0.6942028985507246 0.44782608695652176 0.034782608695652174 0.0782608695652174
2 0.9195652173913044 0.21159420289855072 0.1608695652173913 0.30144927536231886
2 0.8768115942028986 0.5217391304347826 0.0927536231884058 0.12173913043478261
2 0.9608695652173913 0.5608695652173913 0.03768115942028986 0.0782608695652174
2 0.7659420289855072 0.6594202898550725 0.06811594202898551 0.0782608695652174
2 0.336231884057971 0.8 0.057971014492753624 0.11014492753623188
2 0.25507246376811593 0.9840579710144928 0.04927536231884058 0.03188405797101449
2 0.7007246376811594 0.8898550724637682 0.13768115942028986 0.11014492753623188
2 0.7659420289855072 0.4652173913043478 0.09420289855072464 0.14782608695652175