0 0.958984375 0.53125 0.08203125 0.921875
0 0.869140625 0.8359375 0.07421875 0.1015625
0 0.814453125 0.212890625 0.09765625 0.22265625
0 0.6015625 0.556640625 0.1875 0.87109375
0 0.390625 0.375 0.1796875 0.71875
0 0.427734375 0.869140625 0.16015625 0.25390625
0 0.16015625 0.30078125 0.0546875 0.09375
0 0.0546875 0.24609375 0.0546875 0.09375
0 0.048828125 0.369140625 0.07421875 0.05859375
0 0.0703125 0.515625 0.140625 0.1640625
0 0.25390625 0.5703125 0.0546875 0.046875
0 0.1875 0.712890625 0.0546875 0.06640625