1 0.22265625 0.279296875 0.4375 0.44140625
1 0.376953125 0.576171875 0.08203125 0.14453125
1 0.212890625 0.79296875 0.25390625 0.21875
1 0.06640625 0.62890625 0.1328125 0.09375
1 0.77734375 0.12890625 0.4453125 0.203125
1 0.818359375 0.3125 0.31640625 0.171875
1 0.8984375 0.50390625 0.203125 0.1875
1 0.748046875 0.658203125 0.07421875 0.05859375
1 0.87109375 0.701171875 0.09375 0.10546875
1 0.623046875 0.796875 0.07421875 0.1640625
1 0.58203125 0.501953125 0.0703125 0.07421875
1 0.54296875 0.353515625 0.03125 0.06640625