0 0.66796875 0.541015625 0.2265625 0.90234375
0 0.181640625 0.359375 0.13671875 0.0703125
0 0.310546875 0.28515625 0.06640625 0.0390625
0 0.427734375 0.353515625 0.18359375 0.05078125
0 0.39453125 0.44921875 0.1484375 0.0625
0 0.5078125 0.5625 0.03125 0.1875
0 0.31640625 0.630859375 0.0546875 0.05078125
0 0.373046875 0.716796875 0.05859375 0.05078125
0 0.33984375 0.859375 0.0703125 0.0625
0 0.09375 0.943359375 0.1875 0.11328125
0 0.119140625 0.78125 0.05859375 0.0859375
0 0.19140625 0.583984375 0.0859375 0.04296875
0 0.1953125 0.482421875 0.0546875 0.07421875
0 0.025390625 0.744140625 0.05078125 0.23828125
0 0.33203125 0.09765625 0.0546875 0.046875
0 0.505859375 0.150390625 0.06640625 0.04296875
0 0.2421875 0.0234375 0.0546875 0.046875
0 0.0234375 0.13671875 0.046875 0.0546875
0 0.373046875 0.58203125 0.09765625 0.1171875
0 0.609375 0.046875 0.1796875 0.0625
0 0.845703125 0.880859375 0.05078125 0.23828125