2 0.13671875 0.216796875 0.0546875 0.11328125
2 0.076171875 0.171875 0.06640625 0.34375
2 0.1171875 0.58984375 0.0859375 0.1171875
2 0.271484375 0.32421875 0.06640625 0.1171875
2 0.322265625 0.509765625 0.05078125 0.12890625
2 0.4375 0.064453125 0.078125 0.11328125
2 0.228515625 0.697265625 0.04296875 0.05859375
2 0.15625 0.76171875 0.078125 0.140625
2 0.271484375 0.80859375 0.06640625 0.0703125
2 0.271484375 0.927734375 0.05078125 0.04296875
2 0.404296875 0.9765625 0.05859375 0.046875
2 0.841796875 0.359375 0.15234375 0.71875
2 0.6328125 0.4296875 0.0546875 0.109375
2 0.7109375 0.46875 0.046875 0.0859375
2 0.65625 0.564453125 0.0390625 0.13671875
2 0.736328125 0.666015625 0.03515625 0.16796875
2 0.751953125 0.49609375 0.01953125 0.15625
2 0.490234375 0.505859375 0.10546875 0.11328125
2 0.580078125 0.630859375 0.06640625 0.12109375
2 0.404296875 0.705078125 0.04296875 0.06640625
2 0.50390625 0.833984375 0.15625 0.14453125
2 0.498046875 0.66015625 0.08984375 0.1953125
2 0.57421875 0.982421875 0.046875 0.03515625
2 0.681640625 0.943359375 0.04296875 0.05078125
2 0.677734375 0.845703125 0.04296875 0.05078125
2 0.7890625 0.8515625 0.0625 0.0625
2 0.623046875 0.8203125 0.04296875 0.0625
2 0.8984375 0.87109375 0.046875 0.2578125
2 0.73046875 0.91015625 0.0546875 0.046875
2 0.7421875 0.189453125 0.03125 0.06640625
2 0.68359375 0.16015625 0.046875 0.0859375