1 0.064453125 0.294921875 0.08984375 0.05859375
1 0.041015625 0.400390625 0.03515625 0.03515625
1 0.201171875 0.400390625 0.17578125 0.05859375
1 0.220703125 0.484375 0.04296875 0.046875
1 0.234375 0.59765625 0.0390625 0.0546875
1 0.166015625 0.638671875 0.05078125 0.03515625
1 0.283203125 0.69140625 0.12109375 0.0390625
1 0.279296875 0.791015625 0.05859375 0.05078125
1 0.09765625 0.8828125 0.0703125 0.0625
1 0.1875 0.869140625 0.046875 0.05078125
1 0.373046875 0.876953125 0.05078125 0.04296875
1 0.6875 0.224609375 0.359375 0.16015625
1 0.5 0.505859375 0.0625 0.06640625
1 0.619140625 0.42578125 0.12109375 0.0390625
1 0.818359375 0.4609375 0.16796875 0.078125
1 0.96484375 0.390625 0.0703125 0.140625
1 0.587890625 0.75 0.06640625 0.0546875
1 0.740234375 0.771484375 0.05078125 0.05078125
1 0.728515625 0.92578125 0.12109375 0.0703125
1 0.912109375 0.962890625 0.06640625 0.07421875
1 0.888671875 0.771484375 0.20703125 0.16796875
1 0.408203125 0.5390625 0.05078125 0.078125
1 0.20703125 0.16796875 0.1875 0.078125
1 0.296875 0.279296875 0.0546875 0.08203125
1 0.220703125 0.294921875 0.05859375 0.05078125
1 0.3203125 0.552734375 0.0703125 0.23828125
1 0.150390625 0.748046875 0.04296875 0.05859375