1 0.53125 0.8203125 0.703125 0.359375
1 0.359375 0.4140625 0.3125 0.4140625
1 0.34375 0.099609375 0.265625 0.18359375
1 0.623046875 0.458984375 0.20703125 0.20703125
1 0.580078125 0.2890625 0.05859375 0.0859375
1 0.1640625 0.35546875 0.0546875 0.0703125
1 0.107421875 0.2109375 0.09765625 0.0546875
1 0.759765625 0.142578125 0.05859375 0.11328125
1 0.650390625 0.18359375 0.05859375 0.0625
1 0.84765625 0.044921875 0.09375 0.05859375
1 0.076171875 0.107421875 0.05859375 0.03515625
1 0.02734375 0.0390625 0.046875 0.0546875
1 0.5859375 0.17578125 0.0625 0.0546875
1 0.689453125 0.11328125 0.08984375 0.046875
1 0.189453125 0.546875 0.03515625 0.0625
1 0.142578125 0.107421875 0.03515625 0.05078125
1 0.5859375 0.61328125 0.109375 0.0546875