0 0.7890625 0.54296875 0.109375 0.0859375
0 0.876953125 0.658203125 0.05859375 0.05078125
0 0.8828125 0.791015625 0.0625 0.08203125
0 0.75 0.7734375 0.0703125 0.078125
0 0.849609375 0.935546875 0.05859375 0.08984375
0 0.7109375 0.955078125 0.1171875 0.08984375
0 0.43359375 0.931640625 0.078125 0.12890625
0 0.16015625 0.935546875 0.109375 0.09765625
0 0.201171875 0.537109375 0.08203125 0.66796875
0 0.2265625 0.068359375 0.296875 0.13671875
0 0.080078125 0.439453125 0.13671875 0.53515625
0 0.078125 0.8125 0.078125 0.0703125
0 0.349609375 0.275390625 0.20703125 0.26953125
0 0.310546875 0.615234375 0.12109375 0.42578125
0 0.474609375 0.576171875 0.10546875 0.18359375
0 0.587890625 0.505859375 0.12109375 0.12109375
0 0.5 0.041015625 0.078125 0.05078125
0 0.548828125 0.162109375 0.12109375 0.18359375
0 0.830078125 0.080078125 0.08984375 0.07421875
0 0.923828125 0.052734375 0.13671875 0.10546875
0 0.7265625 0.05078125 0.0859375 0.0859375
0 0.77734375 0.201171875 0.0546875 0.07421875
0 0.8671875 0.244140625 0.1484375 0.07421875
0 0.740234375 0.328125 0.11328125 0.0859375
0 0.646484375 0.2265625 0.10546875 0.125
0 0.609375 0.623046875 0.109375 0.05859375
0 0.9375 0.375 0.078125 0.15625