1 0.734375 0.732421875 0.4296875 0.43359375
1 0.271484375 0.96484375 0.44921875 0.046875
1 0.22265625 0.87890625 0.296875 0.1171875
1 0.453125 0.791015625 0.0390625 0.03515625
1 0.384765625 0.751953125 0.03515625 0.02734375
1 0.33203125 0.77734375 0.03125 0.03125
1 0.25390625 0.71484375 0.109375 0.09375
1 0.412109375 0.638671875 0.20703125 0.11328125
1 0.708984375 0.328125 0.37109375 0.375
1 0.453125 0.4609375 0.1328125 0.2109375
1 0.9453125 0.10546875 0.1015625 0.2109375
1 0.4453125 0.10546875 0.15625 0.2109375
1 0.572265625 0.10546875 0.08984375 0.0703125
1 0.75390625 0.01171875 0.0546875 0.0234375
1 0.83203125 0.103515625 0.09375 0.03515625
1 0.7109375 0.109375 0.03125 0.046875
1 0.701171875 0.029296875 0.02734375 0.02734375