0 0.681640625 0.529296875 0.14453125 0.78515625
0 0.798828125 0.041015625 0.40234375 0.08203125
0 0.921875 0.208984375 0.09375 0.12109375
0 0.783203125 0.451171875 0.05078125 0.05859375
0 0.91015625 0.73828125 0.09375 0.078125
0 0.794921875 0.60546875 0.05859375 0.046875
0 0.77734375 0.962890625 0.0859375 0.07421875
0 0.373046875 0.13671875 0.26953125 0.1484375
0 0.36328125 0.02734375 0.0859375 0.0546875
0 0.32421875 0.390625 0.1484375 0.203125
0 0.482421875 0.439453125 0.06640625 0.12890625
0 0.484375 0.59375 0.0546875 0.1171875
0 0.353515625 0.669921875 0.04296875 0.05078125
0 0.080078125 0.6171875 0.08984375 0.0859375
0 0.30078125 0.58203125 0.0390625 0.09375
0 0.21484375 0.431640625 0.03125 0.06640625
0 0.158203125 0.736328125 0.08984375 0.08984375
0 0.1953125 0.853515625 0.078125 0.10546875
0 0.08984375 0.7890625 0.0390625 0.0546875
0 0.40234375 0.921875 0.140625 0.1171875
0 0.525390625 0.927734375 0.09765625 0.14453125
0 0.58984375 0.76171875 0.03125 0.046875
0 0.560546875 0.560546875 0.04296875 0.08203125
0 0.08984375 0.37109375 0.0546875 0.0703125
0 0.0859375 0.01171875 0.046875 0.0234375
0 0.103515625 0.068359375 0.03515625 0.02734375
0 0.17578125 0.19140625 0.0390625 0.03125
0 0.177734375 0.2890625 0.04296875 0.0390625
0 0.158203125 0.40234375 0.02734375 0.046875
0 0.1640625 0.556640625 0.0546875 0.04296875
0 0.373046875 0.228515625 0.22265625 0.03515625
0 0.037109375 0.169921875 0.07421875 0.16015625
0 0.0859375 0.3125 0.0390625 0.03125
0 0.076171875 0.4921875 0.12109375 0.1328125
0 0.3046875 0.95703125 0.015625 0.0390625