2 0.5859375 0.30078125 0.09375 0.3828125
2 0.6875 0.318359375 0.109375 0.35546875
2 0.931640625 0.443359375 0.08984375 0.52734375
2 0.771484375 0.6015625 0.03515625 0.140625
2 0.818359375 0.927734375 0.10546875 0.14453125
2 0.87890625 0.78125 0.0546875 0.140625
2 0.044921875 0.119140625 0.06640625 0.23828125
2 0.2890625 0.185546875 0.078125 0.16015625
2 0.42578125 0.158203125 0.0703125 0.12109375
2 0.462890625 0.3359375 0.04296875 0.2109375
2 0.2578125 0.39453125 0.0703125 0.1484375
2 0.4453125 0.587890625 0.0390625 0.11328125
2 0.400390625 0.5234375 0.03515625 0.1484375
2 0.330078125 0.626953125 0.04296875 0.35546875
2 0.126953125 0.673828125 0.08203125 0.21484375
2 0.154296875 0.93359375 0.07421875 0.125
2 0.2578125 0.8359375 0.0859375 0.15625
2 0.2265625 0.9609375 0.0703125 0.078125
2 0.37109375 0.78515625 0.03125 0.0859375
2 0.453125 0.908203125 0.046875 0.10546875
2 0.646484375 0.6640625 0.08984375 0.3203125
2 0.546875 0.931640625 0.0546875 0.13671875
2 0.576171875 0.673828125 0.04296875 0.33984375