2 0.6328125 0.138671875 0.734375 0.27734375
2 0.94140625 0.81640625 0.1171875 0.3671875
2 0.373046875 0.29296875 0.10546875 0.0859375
2 0.412109375 0.396484375 0.13671875 0.10546875
2 0.515625 0.3515625 0.0390625 0.046875
2 0.5703125 0.337890625 0.09375 0.13671875
2 0.677734375 0.31640625 0.07421875 0.1015625
2 0.978515625 0.314453125 0.04296875 0.08984375
2 0.783203125 0.298828125 0.03515625 0.03515625
2 0.767578125 0.369140625 0.08203125 0.08984375
2 0.93359375 0.32421875 0.046875 0.0546875
2 0.876953125 0.29296875 0.01171875 0.046875
2 0.953125 0.451171875 0.0625 0.08984375
2 0.86328125 0.36328125 0.109375 0.09375
2 0.884765625 0.455078125 0.05078125 0.14453125
2 0.82421875 0.498046875 0.046875 0.23046875
2 0.765625 0.421875 0.078125 0.09375
2 0.673828125 0.396484375 0.08203125 0.06640625
2 0.677734375 0.466796875 0.05859375 0.10546875
2 0.91015625 0.607421875 0.0234375 0.05078125
2 0.75 0.541015625 0.1171875 0.21484375
2 0.83203125 0.6484375 0.046875 0.078125
2 0.59765625 0.50390625 0.078125 0.25
2 0.43359375 0.5 0.1171875 0.125
2 0.525390625 0.521484375 0.03515625 0.08203125
2 0.521484375 0.58984375 0.02734375 0.0859375
2 0.4296875 0.60546875 0.09375 0.0546875
2 0.353515625 0.580078125 0.04296875 0.12109375
2 0.82421875 0.75 0.125 0.1015625
2 0.681640625 0.662109375 0.11328125 0.19921875
2 0.8125 0.87109375 0.046875 0.2109375
2 0.861328125 0.845703125 0.04296875 0.16796875
2 0.71484375 0.806640625 0.0859375 0.12890625
2 0.69921875 0.93359375 0.1875 0.1328125
2 0.57421875 0.703125 0.1328125 0.1328125
2 0.419921875 0.65234375 0.10546875 0.1015625
2 0.306640625 0.646484375 0.08984375 0.07421875
2 0.240234375 0.701171875 0.05859375 0.04296875
2 0.177734375 0.748046875 0.08984375 0.04296875
2 0.140625 0.806640625 0.09375 0.03515625
2 0.275390625 0.76953125 0.10546875 0.109375
2 0.41015625 0.755859375 0.1171875 0.11328125
2 0.50390625 0.765625 0.0625 0.1953125
2 0.5859375 0.8046875 0.09375 0.1328125
2 0.484375 0.90625 0.2421875 0.1875
2 0.328125 0.939453125 0.0546875 0.05859375
2 0.18359375 0.955078125 0.1875 0.08984375