2 0.89453125 0.515625 0.0546875 0.0546875
2 0.92578125 0.302734375 0.0390625 0.04296875
2 0.80078125 0.36328125 0.0859375 0.0703125
2 0.5703125 0.9453125 0.09375 0.109375
2 0.65234375 0.685546875 0.1015625 0.08984375
2 0.6640625 0.08203125 0.15625 0.1640625
2 0.59375 0.283203125 0.1640625 0.23046875
2 0.521484375 0.462890625 0.23828125 0.12890625
2 0.466796875 0.578125 0.22265625 0.109375
2 0.388671875 0.693359375 0.20703125 0.12890625
2 0.359375 0.87890625 0.1640625 0.2421875
2 0.07421875 0.841796875 0.078125 0.31640625
2 0.130859375 0.603515625 0.07421875 0.19140625
2 0.23046875 0.421875 0.1328125 0.2890625
2 0.33203125 0.22265625 0.0703125 0.1640625
2 0.412109375 0.10546875 0.08984375 0.1484375
2 0.44140625 0.015625 0.1171875 0.03125