0 0.66015625 0.578125 0.203125 0.421875
0 0.79296875 0.28515625 0.109375 0.0625
0 0.9453125 0.35546875 0.0859375 0.09375
0 0.974609375 0.4765625 0.05078125 0.03125
0 0.869140625 0.6640625 0.10546875 0.0859375
0 0.90234375 0.5546875 0.078125 0.046875
0 0.61328125 0.142578125 0.0546875 0.07421875
0 0.443359375 0.046875 0.25390625 0.09375
0 0.49609375 0.234375 0.0546875 0.078125
0 0.341796875 0.46484375 0.04296875 0.0625
0 0.275390625 0.3828125 0.05859375 0.1484375
0 0.328125 0.96484375 0.140625 0.0703125
0 0.71875 0.921875 0.109375 0.0546875
0 0.53125 0.97265625 0.0703125 0.0390625
0 0.138671875 0.380859375 0.10546875 0.26171875
0 0.87109375 0.134765625 0.0546875 0.05078125