2 0.85546875 0.5 0.2109375 1
2 0.6875 0.08984375 0.1328125 0.1796875
2 0.6328125 0.369140625 0.09375 0.26953125
2 0.677734375 0.541015625 0.06640625 0.10546875
2 0.69140625 0.865234375 0.0546875 0.05078125
2 0.591796875 0.892578125 0.05859375 0.10546875
2 0.111328125 0.5 0.15234375 1
2 0.26953125 0.73046875 0.046875 0.0625
2 0.2890625 0.365234375 0.0546875 0.03515625
2 0.341796875 0.46484375 0.05859375 0.1015625
2 0.38671875 0.923828125 0.2421875 0.15234375
2 0.41015625 0.646484375 0.0390625 0.07421875
2 0.51953125 0.658203125 0.125 0.36328125
2 0.2890625 0.095703125 0.2109375 0.19140625
2 0.4453125 0.21484375 0.0625 0.15625
2 0.50390625 0.3203125 0.0390625 0.0703125