2 0.919921875 0.49609375 0.12890625 0.9765625
2 0.8046875 0.3828125 0.1171875 0.1171875
2 0.662109375 0.62890625 0.13671875 0.7421875
2 0.75390625 0.5078125 0.0625 0.03125
2 0.8359375 0.85546875 0.0859375 0.2890625
2 0.416015625 0.517578125 0.37109375 0.56640625
2 0.533203125 0.912109375 0.12109375 0.17578125
2 0.380859375 0.97265625 0.05859375 0.0546875
2 0.2578125 0.912109375 0.0859375 0.17578125
2 0.10546875 0.791015625 0.0625 0.05859375
2 0.03125 0.73828125 0.0546875 0.0703125
2 0.029296875 0.982421875 0.05859375 0.03515625
2 0.296875 0.08984375 0.078125 0.046875
2 0.451171875 0.033203125 0.10546875 0.06640625
2 0.033203125 0.130859375 0.06640625 0.05078125
2 0.783203125 0.041015625 0.05078125 0.05078125
2 0.646484375 0.162109375 0.08984375 0.20703125