2 0.2109375 0.109375 0.1328125 0.21875
2 0.17578125 0.314453125 0.140625 0.19140625
2 0.125 0.541015625 0.140625 0.26171875
2 0.0859375 0.8359375 0.171875 0.328125
2 0.837890625 0.46875 0.12890625 0.234375
2 0.861328125 0.7421875 0.10546875 0.328125
2 0.724609375 0.416015625 0.10546875 0.12109375
2 0.73828125 0.525390625 0.078125 0.10546875
2 0.498046875 0.046875 0.07421875 0.09375
2 0.384765625 0.20703125 0.08203125 0.140625
2 0.32421875 0.671875 0.1171875 0.65625
2 0.232421875 0.84765625 0.05859375 0.3046875
2 0.43359375 0.4921875 0.1015625 0.15625
2 0.572265625 0.419921875 0.05078125 0.12890625
2 0.66796875 0.240234375 0.0625 0.07421875
2 0.634765625 0.32421875 0.05078125 0.0625
2 0.623046875 0.6328125 0.05078125 0.046875
2 0.5546875 0.599609375 0.0546875 0.04296875
2 0.5078125 0.541015625 0.046875 0.05859375
2 0.4296875 0.64453125 0.1015625 0.0703125
2 0.4453125 0.75 0.125 0.140625
2 0.54296875 0.787109375 0.0625 0.06640625
2 0.4453125 0.908203125 0.1328125 0.09765625
2 0.697265625 0.765625 0.08203125 0.125
2 0.638671875 0.806640625 0.04296875 0.03515625
2 0.671875 0.931640625 0.2578125 0.12109375
2 0.779296875 0.81640625 0.06640625 0.1171875
2 0.828125 0.943359375 0.0546875 0.07421875
2 0.6484375 0.126953125 0.109375 0.08984375
2 0.568359375 0.203125 0.05078125 0.109375
2 0.734375 0.138671875 0.0546875 0.15234375
2 0.865234375 0.0546875 0.20703125 0.1015625
2 0.357421875 0.044921875 0.07421875 0.08984375