1 0.931640625 0.046875 0.12109375 0.078125
1 0.84375 0.193359375 0.3125 0.26953125
1 0.5625 0.17578125 0.2734375 0.28125
1 0.619140625 0.44921875 0.54296875 0.3359375
1 0.078125 0.505859375 0.0703125 0.39453125
1 0.439453125 0.802734375 0.69140625 0.39453125
1 0.244140625 0.435546875 0.20703125 0.11328125
1 0.3203125 0.59765625 0.09375 0.0625
1 0.14453125 0.546875 0.109375 0.046875
1 0.251953125 0.1953125 0.27734375 0.140625
1 0.18359375 0.169921875 0.015625 0.00390625
1 0.380859375 0.068359375 0.10546875 0.05859375
1 0.515625 0.029296875 0.1484375 0.04296875
1 0.26953125 0.337890625 0.1171875 0.08203125