2 0.498046875 0.859375 0.08203125 0.0859375
2 0.3515625 0.62109375 0.0390625 0.109375
2 0.33984375 0.375 0.0625 0.1171875
2 0.1328125 0.490234375 0.0625 0.06640625
2 0.060546875 0.591796875 0.05859375 0.11328125
2 0.119140625 0.2109375 0.23828125 0.421875
2 0.798828125 0.203125 0.07421875 0.1328125
2 0.5859375 0.142578125 0.0703125 0.23046875
2 0.34375 0.1171875 0.046875 0.234375
2 0.486328125 0.4609375 0.05859375 0.078125
2 0.138671875 0.841796875 0.03515625 0.06640625
2 0.818359375 0.8125 0.12890625 0.359375
2 0.8359375 0.537109375 0.140625 0.21484375
2 0.62109375 0.525390625 0.0390625 0.07421875
2 0.26171875 0.52734375 0.0703125 0.203125
2 0.619140625 0.947265625 0.05078125 0.08984375
2 0.44921875 0.580078125 0.0625 0.05078125
2 0.32421875 0.791015625 0.046875 0.11328125
2 0.892578125 0.232421875 0.09765625 0.39453125