1 0.794921875 0.83984375 0.12890625 0.078125
1 0.583984375 0.943359375 0.14453125 0.11328125
1 0.09375 0.947265625 0.1875 0.08984375
1 0.7421875 0.970703125 0.0625 0.04296875
1 0.857421875 0.6640625 0.08203125 0.0390625
1 0.783203125 0.59375 0.13671875 0.0859375
1 0.677734375 0.658203125 0.08203125 0.04296875
1 0.744140625 0.46875 0.12890625 0.09375
1 0.873046875 0.4609375 0.06640625 0.0390625
1 0.501953125 0.34375 0.46484375 0.1171875
1 0.474609375 0.486328125 0.24609375 0.12109375
1 0.51953125 0.728515625 0.125 0.24609375
1 0.671875 0.736328125 0.1171875 0.05859375
1 0.63671875 0.806640625 0.0703125 0.06640625
1 0.375 0.669921875 0.0859375 0.12890625
1 0.443359375 0.919921875 0.11328125 0.11328125
1 0.79296875 0.103515625 0.3828125 0.20703125
1 0.490234375 0.1640625 0.19921875 0.2265625
1 0.23046875 0.505859375 0.046875 0.04296875
1 0.18359375 0.36328125 0.0625 0.0625
1 0.16796875 0.271484375 0.203125 0.09765625
1 0.3125 0.169921875 0.09375 0.08203125