2 0.642578125 0.736328125 0.08203125 0.21484375
2 0.810546875 0.458984375 0.06640625 0.07421875
2 0.435546875 0.50390625 0.22265625 0.9921875
2 0.080078125 0.58203125 0.07421875 0.828125
2 0.13671875 0.345703125 0.078125 0.41015625
2 0.1953125 0.1796875 0.0703125 0.203125
2 0.265625 0.111328125 0.109375 0.22265625
2 0.673828125 0.3125 0.08984375 0.0625
2 0.6796875 0.552734375 0.0546875 0.04296875
2 0.814453125 0.083984375 0.06640625 0.06640625
2 0.955078125 0.10546875 0.06640625 0.2109375
2 0.85546875 0.607421875 0.03125 0.05078125
2 0.79296875 0.607421875 0.03125 0.04296875
2 0.765625 0.248046875 0.03125 0.05078125