2 0.73046875 0.677734375 0.21875 0.23046875
2 0.91796875 0.64453125 0.1640625 0.21875
2 0.75390625 0.130859375 0.125 0.17578125
2 0.853515625 0.384765625 0.29296875 0.29296875
2 0.923828125 0.1875 0.10546875 0.0859375
2 0.986328125 0.169921875 0.02734375 0.19140625
2 0.505859375 0.939453125 0.09765625 0.12109375
2 0.759765625 0.880859375 0.48046875 0.23828125
2 0.248046875 0.7265625 0.12890625 0.328125
2 0.4375 0.564453125 0.140625 0.19140625
2 0.40625 0.828125 0.1171875 0.3046875
2 0.126953125 0.779296875 0.16796875 0.20703125
2 0.091796875 0.482421875 0.17578125 0.33984375
2 0.33203125 0.39453125 0.09375 0.234375
2 0.23828125 0.3359375 0.1171875 0.25
2 0.498046875 0.380859375 0.15234375 0.15234375
2 0.51953125 0.201171875 0.09375 0.20703125
2 0.41796875 0.146484375 0.09375 0.12109375
2 0.154296875 0.091796875 0.09765625 0.10546875