1 0.64453125 0.564453125 0.0859375 0.11328125
1 0.767578125 0.603515625 0.10546875 0.08984375
1 0.916015625 0.51953125 0.16796875 0.3125
1 0.88671875 0.82421875 0.2265625 0.3515625
1 0.126953125 0.802734375 0.25390625 0.39453125
1 0.5078125 0.87890625 0.203125 0.2421875
1 0.34375 0.677734375 0.2109375 0.13671875
1 0.57421875 0.08203125 0.2421875 0.140625
1 0.59375 0.19140625 0.1171875 0.125
1 0.826171875 0.28515625 0.21484375 0.265625
1 0.294921875 0.44921875 0.58203125 0.375
1 0.275390625 0.2265625 0.16796875 0.203125
1 0.3046875 0.05859375 0.2109375 0.1171875
1 0.1015625 0.1328125 0.1875 0.265625
1 0.341796875 0.892578125 0.10546875 0.11328125