2 0.294921875 0.158203125 0.27734375 0.31640625
2 0.537109375 0.1640625 0.21484375 0.3203125
2 0.671875 0.080078125 0.0625 0.16015625
2 0.75390625 0.103515625 0.0859375 0.14453125
2 0.65625 0.23828125 0.0546875 0.15625
2 0.748046875 0.2421875 0.05078125 0.125
2 0.30859375 0.458984375 0.2421875 0.34765625
2 0.453125 0.484375 0.0546875 0.34375
2 0.525390625 0.4296875 0.08203125 0.21875
2 0.58984375 0.333984375 0.0859375 0.10546875
2 0.6640625 0.365234375 0.078125 0.10546875
2 0.755859375 0.408203125 0.02734375 0.08203125
2 0.787109375 0.51171875 0.08203125 0.09375
2 0.671875 0.541015625 0.0546875 0.11328125
2 0.751953125 0.619140625 0.05078125 0.12890625
2 0.517578125 0.646484375 0.07421875 0.22265625
2 0.578125 0.6875 0.1484375 0.140625
2 0.580078125 0.58203125 0.05859375 0.0546875
2 0.1953125 0.6953125 0.0625 0.109375
2 0.435546875 0.703125 0.05859375 0.125
2 0.337890625 0.689453125 0.12109375 0.19140625
2 0.2421875 0.66796875 0.03125 0.109375
2 0.138671875 0.77734375 0.04296875 0.0703125
2 0.080078125 0.828125 0.06640625 0.1015625
2 0.04296875 0.953125 0.046875 0.09375
2 0.107421875 0.955078125 0.03515625 0.08203125
2 0.177734375 0.951171875 0.05078125 0.09765625
2 0.240234375 0.884765625 0.03515625 0.04296875
2 0.310546875 0.85546875 0.08203125 0.171875
2 0.3046875 0.96875 0.0625 0.0625
2 0.755859375 0.796875 0.04296875 0.0703125
2 0.7890625 0.896484375 0.0390625 0.06640625
2 0.904296875 0.96875 0.03515625 0.0625
2 0.818359375 0.958984375 0.04296875 0.05859375
2 0.70703125 0.96875 0.1171875 0.0625
2 0.6328125 0.79296875 0.078125 0.140625
2 0.53515625 0.814453125 0.0625 0.13671875
2 0.3984375 0.85546875 0.0859375 0.0546875
2 0.462890625 0.806640625 0.01953125 0.02734375
2 0.380859375 0.90625 0.05078125 0.046875
2 0.39453125 0.962890625 0.0546875 0.07421875
2 0.46484375 0.93359375 0.046875 0.125
2 0.626953125 0.9296875 0.03515625 0.140625
2 0.576171875 0.9609375 0.05078125 0.078125
2 0.521484375 0.916015625 0.05078125 0.12109375
2 0.833984375 0.40625 0.03515625 0.109375