2 0.943359375 0.8125 0.11328125 0.15625
2 0.880859375 0.41015625 0.08203125 0.2734375
2 0.97265625 0.484375 0.0390625 0.1484375
2 0.92578125 0.064453125 0.0625 0.12890625
2 0.595703125 0.966796875 0.05078125 0.06640625
2 0.47265625 0.947265625 0.046875 0.02734375
2 0.49609375 0.939453125 0.09375 0.12109375
2 0.548828125 0.85546875 0.06640625 0.0703125
2 0.646484375 0.78515625 0.11328125 0.109375
2 0.38671875 0.953125 0.0625 0.09375
2 0.09765625 0.2734375 0.046875 0.53125
2 0.142578125 0.740234375 0.20703125 0.37890625
2 0.158203125 0.966796875 0.08203125 0.05078125
2 0.328125 0.59765625 0.1484375 0.4609375
2 0.375 0.8828125 0.0390625 0.0546875
2 0.212890625 0.244140625 0.07421875 0.28515625
2 0.345703125 0.259765625 0.05078125 0.23046875
2 0.388671875 0.044921875 0.06640625 0.08203125
2 0.52734375 0.109375 0.09375 0.21875
2 0.537109375 0.310546875 0.15234375 0.23046875
2 0.48828125 0.5390625 0.1171875 0.1953125