2 0.83203125 0.5 0.2109375 1
2 0.396484375 0.810546875 0.65234375 0.37890625
2 0.173828125 0.408203125 0.15234375 0.42578125
2 0.259765625 0.09765625 0.16796875 0.1953125
2 0.314453125 0.2421875 0.04296875 0.0859375
2 0.28515625 0.43359375 0.0390625 0.109375
2 0.564453125 0.125 0.12890625 0.25
2 0.458984375 0.025390625 0.03515625 0.05078125
2 0.421875 0.109375 0.0234375 0.078125
2 0.48046875 0.119140625 0.03125 0.06640625
2 0.619140625 0.328125 0.13671875 0.1640625
2 0.607421875 0.46875 0.06640625 0.1171875
2 0.4921875 0.431640625 0.0625 0.14453125
2 0.4140625 0.447265625 0.0859375 0.13671875
2 0.322265625 0.5703125 0.12890625 0.09375
2 0.51953125 0.59765625 0.109375 0.0546875