1 0.5625 0.60546875 0.171875 0.1796875
1 0.109375 0.45703125 0.1953125 0.3828125
1 0.099609375 0.765625 0.06640625 0.1484375
1 0.564453125 0.142578125 0.75390625 0.25390625
1 0.25390625 0.349609375 0.078125 0.15234375
1 0.3984375 0.287109375 0.0625 0.03515625
1 0.5859375 0.447265625 0.0546875 0.04296875
1 0.298828125 0.912109375 0.07421875 0.08203125
1 0.02734375 0.939453125 0.0546875 0.12109375
1 0.294921875 0.521484375 0.06640625 0.05078125
1 0.447265625 0.3828125 0.08203125 0.0625
1 0.470703125 0.458984375 0.04296875 0.02734375
1 0.34375 0.4140625 0.03125 0.03125