2 0.05947136563876652 0.26666666666666666 0.11894273127753303 0.5333333333333333
2 0.15859030837004406 0.20666666666666667 0.0881057268722467 0.41333333333333333
2 0.046255506607929514 0.8183333333333334 0.09251101321585903 0.36333333333333334
2 0.1343612334801762 0.91 0.08370044052863436 0.18
2 0.22026431718061673 0.8966666666666666 0.06167400881057269 0.12
2 0.24008810572687225 0.5116666666666667 0.039647577092511016 0.03666666666666667
2 0.27312775330396477 0.21166666666666667 0.1145374449339207 0.42333333333333334
2 0.48237885462555063 0.19833333333333333 0.1277533039647577 0.39666666666666667
2 0.3744493392070485 0.16 0.0881057268722467 0.32
2 0.3656387665198238 0.5216666666666666 0.06167400881057269 0.13
2 0.32158590308370044 0.445 0.04405286343612335 0.03
2 0.29295154185022027 0.6416666666666667 0.06607929515418502 0.27
2 0.3502202643171806 0.8016666666666666 0.08370044052863436 0.21666666666666667
2 0.41409691629955947 0.645 0.05286343612334802 0.15666666666666668
2 0.4713656387665198 0.86 0.09691629955947137 0.28
2 0.5814977973568282 0.30833333333333335 0.06167400881057269 0.18333333333333332
2 0.8964757709251101 0.7516666666666667 0.11894273127753303 0.49666666666666665
2 0.8656387665198237 0.375 0.05726872246696035 0.07666666666666666
2 0.775330396475771 0.13666666666666666 0.19383259911894274 0.2733333333333333
2 0.6651982378854625 0.14166666666666666 0.04405286343612335 0.10333333333333333
2 0.7070484581497798 0.43166666666666664 0.17180616740088106 0.13
2 0.6916299559471366 0.335 0.10572687224669604 0.06333333333333334
2 0.6607929515418502 0.5966666666666667 0.27312775330396477 0.2
2 0.6255506607929515 0.8033333333333333 0.18502202643171806 0.22
2 0.6541850220264317 0.9566666666666667 0.09251101321585903 0.08666666666666667
2 0.7709251101321586 0.9833333333333333 0.05286343612334802 0.03333333333333333