0 0.44140625 0.4296875 0.296875 0.859375
0 0.193359375 0.4296875 0.17578125 0.8515625
0 0.8125 0.408203125 0.0625 0.13671875
0 0.9375 0.455078125 0.0546875 0.09765625
0 0.83984375 0.5703125 0.171875 0.109375
0 0.775390625 0.873046875 0.08203125 0.25390625
0 0.947265625 0.798828125 0.09765625 0.12109375
0 0.94140625 0.658203125 0.1171875 0.06640625
0 0.853515625 0.7421875 0.01953125 0.046875
0 0.94140625 0.30859375 0.09375 0.09375
0 0.794921875 0.1171875 0.40234375 0.21875
0 0.642578125 0.42578125 0.10546875 0.390625
0 0.73046875 0.341796875 0.0625 0.21484375
0 0.26953125 0.931640625 0.515625 0.12890625
0 0.0703125 0.595703125 0.0546875 0.51953125