2 0.01608187134502924 0.6047619047619047 0.03216374269005848 0.05952380952380952
2 0.097953216374269 0.5535714285714286 0.033625730994152045 0.05714285714285714
2 0.5307017543859649 0.08988095238095238 0.03654970760233918 0.1488095238095238
2 0.4682017543859649 0.03630952380952381 0.04312865497076023 0.07261904761904762
2 0.589546783625731 0.2982142857142857 0.07529239766081872 0.14404761904761904
2 0.5233918128654971 0.44583333333333336 0.013157894736842105 0.08452380952380953
2 0.11440058479532164 0.13095238095238096 0.22295321637426901 0.22142857142857142
2 0.2997076023391813 0.28214285714285714 0.1476608187134503 0.24523809523809523
2 0.3987573099415205 0.35595238095238096 0.05043859649122807 0.2976190476190476
2 0.33150584795321636 0.4446428571428571 0.08698830409356725 0.09166666666666666
2 0.4616228070175439 0.44821428571428573 0.06798245614035088 0.3488095238095238
2 0.5310672514619883 0.6297619047619047 0.07090643274853801 0.2833333333333333
2 0.606359649122807 0.6583333333333333 0.07675438596491228 0.2261904761904762
2 0.6396198830409356 0.48035714285714287 0.03654970760233918 0.0988095238095238
2 0.11366959064327485 0.36547619047619045 0.2273391812865497 0.24523809523809523
2 0.4415204678362573 0.781547619047619 0.04093567251461988 0.13452380952380952
2 0.6388888888888888 0.9178571428571428 0.15058479532163743 0.16428571428571428
2 0.8976608187134503 0.6898809523809524 0.13742690058479531 0.6202380952380953
2 0.7328216374269005 0.14285714285714285 0.06944444444444445 0.2857142857142857
2 0.8205409356725146 0.08511904761904762 0.10307017543859649 0.13452380952380952
2 0.8249269005847953 0.2505952380952381 0.0533625730994152 0.15357142857142858
2 0.9364035087719298 0.06369047619047619 0.12719298245614036 0.12738095238095237
2 0.8830409356725146 0.2488095238095238 0.027777777777777776 0.05
2 0.9473684210526315 0.21428571428571427 0.017543859649122806 0.05714285714285714
2 0.7796052631578947 0.5797619047619048 0.09576023391812866 0.30238095238095236
2 0.13559941520467836 0.8916666666666667 0.2711988304093567 0.21666666666666667
2 0.7744883040935673 0.8690476190476191 0.10891812865497076 0.2619047619047619
2 0.10343567251461988 0.7041666666666667 0.09722222222222222 0.15833333333333333
2 0.3205409356725146 0.8857142857142857 0.056286549707602336 0.22857142857142856
2 0.402046783625731 0.8976190476190476 0.039473684210526314 0.20476190476190476
2 0.32127192982456143 0.7125 0.046052631578947366 0.10833333333333334
2 0.31030701754385964 0.5267857142857143 0.051900584795321635 0.08214285714285714
2 0.44590643274853803 0.17202380952380952 0.02046783625730994 0.07976190476190476