2 0.37890625 0.228515625 0.0859375 0.23046875
2 0.30859375 0.36328125 0.046875 0.2421875
2 0.3828125 0.48046875 0.109375 0.21875
2 0.103515625 0.599609375 0.08203125 0.55078125
2 0.1953125 0.521484375 0.09375 0.23828125
2 0.203125 0.076171875 0.1328125 0.15234375
2 0.130859375 0.240234375 0.08203125 0.16796875
2 0.89453125 0.140625 0.1015625 0.28125
2 0.845703125 0.51953125 0.11328125 0.4453125
2 0.6875 0.115234375 0.21875 0.23046875
2 0.53515625 0.123046875 0.0703125 0.14453125
2 0.583984375 0.26953125 0.05859375 0.0390625
2 0.48046875 0.212890625 0.046875 0.05859375
2 0.701171875 0.33203125 0.08203125 0.1796875
2 0.57421875 0.55078125 0.0703125 0.1640625
2 0.671875 0.533203125 0.1171875 0.21484375
2 0.69140625 0.8125 0.046875 0.0625
2 0.58984375 0.716796875 0.171875 0.16015625
2 0.431640625 0.65625 0.05078125 0.109375
2 0.33203125 0.669921875 0.046875 0.08984375
2 0.2890625 0.576171875 0.0859375 0.07421875
2 0.5625 0.830078125 0.0546875 0.06640625
2 0.494140625 0.908203125 0.03515625 0.10546875
2 0.44140625 0.923828125 0.0390625 0.10546875
2 0.306640625 0.865234375 0.05859375 0.04296875
2 0.185546875 0.748046875 0.04296875 0.09765625
2 0.888671875 0.869140625 0.20703125 0.24609375
2 0.751953125 0.896484375 0.06640625 0.12890625
2 0.611328125 0.8984375 0.04296875 0.078125
2 0.689453125 0.990234375 0.05859375 0.01953125
2 0.98046875 0.2578125 0.0390625 0.1875
2 0.953125 0.556640625 0.09375 0.38671875