2 0.087890625 0.861328125 0.09765625 0.27734375
2 0.39453125 0.765625 0.2890625 0.46875
2 0.1875 0.69140625 0.046875 0.0859375
2 0.505859375 0.2109375 0.22265625 0.3828125
2 0.916015625 0.36328125 0.07421875 0.7265625
2 0.8203125 0.603515625 0.109375 0.31640625
2 0.58984375 0.880859375 0.1015625 0.23828125
2 0.66796875 0.52734375 0.1328125 0.34375
2 0.76953125 0.94140625 0.1015625 0.1171875
2 0.783203125 0.19140625 0.04296875 0.0625
2 0.857421875 0.0234375 0.03515625 0.046875
2 0.69140625 0.115234375 0.0390625 0.13671875
2 0.5859375 0.48046875 0.0390625 0.1328125