0 0.642578125 0.537109375 0.27734375 0.89453125
0 0.88671875 0.166015625 0.1875 0.33203125
0 0.19921875 0.3359375 0.125 0.34375
0 0.1875 0.615234375 0.1640625 0.19921875
0 0.029296875 0.6953125 0.05859375 0.0859375
0 0.193359375 0.857421875 0.12109375 0.28515625
0 0.02734375 0.845703125 0.0546875 0.05078125
0 0.0546875 0.912109375 0.109375 0.05078125
0 0.171875 0.09765625 0.078125 0.09375
0 0.298828125 0.021484375 0.08203125 0.04296875
0 0.4921875 0.017578125 0.0703125 0.03515625
0 0.369140625 0.326171875 0.07421875 0.09765625
0 0.45703125 0.259765625 0.078125 0.16015625
0 0.416015625 0.400390625 0.07421875 0.05078125
0 0.052734375 0.037109375 0.08203125 0.03515625
0 0.0703125 0.10546875 0.0390625 0.03125
0 0.052734375 0.189453125 0.10546875 0.10546875
0 0.087890625 0.375 0.05078125 0.0234375
0 0.36328125 0.5390625 0.0546875 0.0390625
0 0.33984375 0.66015625 0.0390625 0.03125
0 0.359375 0.759765625 0.046875 0.12109375
0 0.4453125 0.744140625 0.0625 0.03515625
0 0.486328125 0.619140625 0.03515625 0.13671875
0 0.296875 0.890625 0.0703125 0.046875
0 0.279296875 0.72265625 0.03515625 0.0234375
0 0.03125 0.984375 0.0625 0.03125
0 0.322265625 0.98046875 0.03515625 0.0390625
0 0.408203125 0.9765625 0.05078125 0.046875
0 0.841796875 0.869140625 0.02734375 0.04296875
0 0.916015625 0.875 0.08203125 0.078125
0 0.833984375 0.958984375 0.09765625 0.03515625
0 0.8671875 0.57421875 0.046875 0.0859375
0 0.822265625 0.736328125 0.08203125 0.11328125
0 0.943359375 0.576171875 0.06640625 0.17578125
0 0.8984375 0.669921875 0.0546875 0.08203125
0 0.83203125 0.490234375 0.109375 0.06640625
0 0.919921875 0.390625 0.09765625 0.125
0 0.296875 0.82421875 0.046875 0.0390625
0 0.701171875 0.044921875 0.17578125 0.08984375
0 0.08984375 0.673828125 0.0390625 0.13671875