2 0.9453125 0.013671875 0.046875 0.02734375
2 0.9921875 0.146484375 0.015625 0.20703125
2 0.869140625 0.056640625 0.05078125 0.11328125
2 0.90234375 0.107421875 0.0390625 0.02734375
2 0.94921875 0.173828125 0.0546875 0.15234375
2 0.986328125 0.416015625 0.02734375 0.05859375
2 0.98828125 0.4765625 0.0234375 0.0625
2 0.982421875 0.572265625 0.03515625 0.04296875
2 0.9609375 0.70703125 0.078125 0.1953125
2 0.96875 0.91015625 0.0625 0.1796875
2 0.9375 0.34765625 0.0546875 0.0703125
2 0.884765625 0.38671875 0.03515625 0.0859375
2 0.82421875 0.19140625 0.0546875 0.0703125
2 0.830078125 0.314453125 0.06640625 0.24609375
2 0.84375 0.45703125 0.0390625 0.0546875
2 0.888671875 0.46484375 0.07421875 0.0546875
2 0.888671875 0.529296875 0.05859375 0.07421875
2 0.919921875 0.58984375 0.07421875 0.046875
2 0.861328125 0.634765625 0.05078125 0.06640625
2 0.84375 0.822265625 0.0390625 0.05859375
2 0.83203125 0.732421875 0.0390625 0.05078125
2 0.8828125 0.962890625 0.09375 0.07421875
2 0.748046875 0.10546875 0.14453125 0.0859375
2 0.47265625 0.5 0.359375 1
2 0.2421875 0.431640625 0.109375 0.39453125
2 0.203125 0.8828125 0.171875 0.234375
2 0.703125 0.9296875 0.09375 0.140625
2 0.6796875 0.537109375 0.046875 0.12109375
2 0.767578125 0.482421875 0.05859375 0.08984375
2 0.705078125 0.400390625 0.06640625 0.06640625
2 0.70703125 0.251953125 0.109375 0.18359375
2 0.794921875 0.83984375 0.02734375 0.28125