0 0.0859375 0.2890625 0.171875 0.578125
0 0.0625 0.80078125 0.109375 0.3984375
0 0.1953125 0.658203125 0.0546875 0.04296875
0 0.603515625 0.38671875 0.23046875 0.7734375
0 0.62109375 0.892578125 0.203125 0.19140625
0 0.34765625 0.81640625 0.21875 0.3671875
0 0.40625 0.15234375 0.1328125 0.3046875
0 0.240234375 0.095703125 0.03515625 0.17578125
0 0.298828125 0.40625 0.03515625 0.2734375
0 0.251953125 0.455078125 0.05078125 0.19140625
0 0.44140625 0.466796875 0.078125 0.23828125
0 0.3515625 0.47265625 0.0625 0.3046875
0 0.28515625 0.60546875 0.0625 0.046875
0 0.205078125 0.9375 0.07421875 0.109375