2 0.056640625 0.0703125 0.07421875 0.140625
2 0.1015625 0.1953125 0.1171875 0.1328125
2 0.27734375 0.095703125 0.1796875 0.19140625
2 0.1328125 0.080078125 0.03125 0.05078125
2 0.4140625 0.087890625 0.0703125 0.17578125
2 0.501953125 0.123046875 0.04296875 0.11328125
2 0.5703125 0.265625 0.1484375 0.0859375
2 0.568359375 0.10546875 0.12109375 0.2109375
2 0.19921875 0.359375 0.09375 0.140625
2 0.3125 0.341796875 0.1328125 0.19921875
2 0.43359375 0.365234375 0.140625 0.35546875
2 0.607421875 0.458984375 0.14453125 0.30078125
2 0.845703125 0.28125 0.12109375 0.171875
2 0.982421875 0.38671875 0.02734375 0.0703125
2 0.931640625 0.35546875 0.01171875 0.0859375
2 0.32421875 0.7734375 0.1953125 0.453125
2 0.451171875 0.818359375 0.05859375 0.28515625
2 0.578125 0.87890625 0.140625 0.2421875
2 0.69140625 0.916015625 0.1484375 0.16796875
2 0.712890625 0.810546875 0.06640625 0.12890625
2 0.80078125 0.76953125 0.0703125 0.0703125
2 0.83203125 0.9296875 0.0703125 0.0859375
2 0.935546875 0.916015625 0.05078125 0.08984375
2 0.98828125 0.728515625 0.0234375 0.14453125