0 0.474609375 0.376953125 0.09765625 0.75390625
0 0.861328125 0.173828125 0.20703125 0.34765625
0 0.798828125 0.591796875 0.03515625 0.19921875
0 0.22265625 0.09375 0.390625 0.1875
0 0.26171875 0.462890625 0.3203125 0.46484375
0 0.296875 0.802734375 0.1328125 0.21484375
0 0.6171875 0.140625 0.1640625 0.2734375
0 0.705078125 0.46875 0.09765625 0.09375
0 0.595703125 0.59375 0.05859375 0.125
0 0.7109375 0.646484375 0.0703125 0.13671875
0 0.869140625 0.73046875 0.05859375 0.2734375
0 0.82421875 0.93359375 0.046875 0.1328125
0 0.744140625 0.935546875 0.03515625 0.05859375
0 0.638671875 0.966796875 0.05859375 0.06640625
0 0.52734375 0.8359375 0.0625 0.15625
0 0.544921875 0.37890625 0.03515625 0.1875
0 0.462890625 0.86328125 0.07421875 0.078125
0 0.87109375 0.458984375 0.0390625 0.06640625