0 0.169921875 0.4453125 0.18359375 0.2578125
0 0.171875 0.765625 0.21875 0.203125
0 0.220703125 0.951171875 0.21484375 0.09765625
0 0.361328125 0.921875 0.05078125 0.046875
0 0.060546875 0.466796875 0.05859375 0.08984375
0 0.44140625 0.494140625 0.1171875 0.10546875
0 0.60546875 0.638671875 0.1640625 0.12890625
0 0.48046875 0.76171875 0.078125 0.21875
0 0.671875 0.853515625 0.2890625 0.29296875
0 0.341796875 0.234375 0.31640625 0.140625
0 0.322265625 0.359375 0.08203125 0.0703125
0 0.408203125 0.412109375 0.03515625 0.03515625
0 0.318359375 0.453125 0.11328125 0.1015625
0 0.302734375 0.6015625 0.08984375 0.0546875
0 0.28125 0.548828125 0.03125 0.05078125
0 0.083984375 0.154296875 0.16796875 0.30859375