0 0.3671875 0.4453125 0.125 0.859375
0 0.220703125 0.234375 0.07421875 0.15625
0 0.14453125 0.37890625 0.125 0.1171875
0 0.17578125 0.59765625 0.21875 0.203125
0 0.193359375 0.775390625 0.06640625 0.10546875
0 0.93359375 0.912109375 0.1328125 0.14453125
0 0.66015625 0.630859375 0.078125 0.12109375
0 0.75 0.6953125 0.0546875 0.0859375
0 0.86328125 0.49609375 0.1875 0.53125
0 0.64453125 0.259765625 0.1875 0.17578125
0 0.498046875 0.544921875 0.07421875 0.12890625
0 0.455078125 0.33203125 0.02734375 0.1640625
0 0.517578125 0.265625 0.04296875 0.1484375
0 0.12890625 0.27734375 0.0703125 0.046875
0 0.103515625 0.119140625 0.08984375 0.08203125
0 0.486328125 0.453125 0.05859375 0.0390625