2 0.18166666666666667 0.1806282722513089 0.07 0.16230366492146597
2 0.11 0.08638743455497382 0.04 0.06806282722513089
2 0.4 0.43717277486910994 0.06666666666666667 0.16230366492146597
2 0.2916666666666667 0.3586387434554974 0.056666666666666664 0.1099476439790576
2 0.25833333333333336 0.09947643979057591 0.07666666666666666 0.19895287958115182
2 0.33166666666666667 0.06282722513089005 0.05 0.1256544502617801
2 0.4 0.6884816753926701 0.04666666666666667 0.06806282722513089
2 0.5183333333333333 0.7591623036649214 0.05 0.11518324607329843
2 0.30833333333333335 0.5314136125654451 0.05 0.05759162303664921
2 0.255 0.4397905759162304 0.03 0.07329842931937172
2 0.6466666666666666 0.1099476439790576 0.10666666666666667 0.2198952879581152
2 0.49833333333333335 0.3324607329842932 0.09666666666666666 0.2670157068062827
2 0.7916666666666666 0.9214659685863874 0.03666666666666667 0.08376963350785341
2 0.8566666666666667 0.9502617801047121 0.06 0.09947643979057591
2 0.8483333333333334 0.856020942408377 0.03 0.05759162303664921
2 0.605 0.6675392670157068 0.06333333333333334 0.193717277486911
2 0.5833333333333334 0.4424083769633508 0.06 0.225130890052356
2 0.7183333333333334 0.3219895287958115 0.09 0.20418848167539266
2 0.7283333333333334 0.11780104712041885 0.043333333333333335 0.14136125654450263
2 0.6583333333333333 0.5078534031413613 0.043333333333333335 0.23036649214659685
2 0.695 0.49476439790575916 0.03666666666666667 0.06806282722513089
2 0.905 0.3324607329842932 0.07 0.09947643979057591
2 0.8 0.3298429319371728 0.04 0.08376963350785341
2 0.8116666666666666 0.1099476439790576 0.07666666666666666 0.2198952879581152
2 0.9116666666666666 0.049738219895287955 0.06333333333333334 0.09947643979057591
2 0.9833333333333333 0.20157068062827224 0.03333333333333333 0.12041884816753927
2 0.8366666666666667 0.5340314136125655 0.12666666666666668 0.2198952879581152
2 0.8533333333333334 0.7094240837696335 0.09333333333333334 0.13089005235602094
2 0.9633333333333334 0.756544502617801 0.04 0.08900523560209424
2 0.885 0.8115183246073299 0.03 0.06282722513089005
2 0.4716666666666667 0.14136125654450263 0.056666666666666664 0.07329842931937172