0 0.181640625 0.359375 0.09765625 0.65625
0 0.408203125 0.466796875 0.08984375 0.24609375
0 0.08984375 0.4296875 0.078125 0.328125
0 0.03125 0.77734375 0.03125 0.3359375
0 0.123046875 0.759765625 0.05078125 0.18359375
0 0.306640625 0.392578125 0.09765625 0.56640625
0 0.32421875 0.861328125 0.1171875 0.27734375
0 0.68359375 0.517578125 0.3515625 0.29296875
0 0.5625 0.859375 0.1796875 0.28125
0 0.82421875 0.830078125 0.09375 0.23046875
0 0.73046875 0.955078125 0.0703125 0.08984375
0 0.623046875 0.173828125 0.20703125 0.33203125
0 0.43359375 0.15625 0.09375 0.3125
0 0.322265625 0.0546875 0.12890625 0.109375