0 0.21875 0.060546875 0.34375 0.12109375
0 0.5703125 0.126953125 0.1328125 0.20703125
0 0.771484375 0.392578125 0.22265625 0.78515625
0 0.9296875 0.123046875 0.078125 0.24609375
0 0.53515625 0.806640625 0.1640625 0.38671875
0 0.759765625 0.89453125 0.20703125 0.2109375
0 0.271484375 0.6953125 0.06640625 0.0625
0 0.177734375 0.8125 0.05078125 0.0625
0 0.103515625 0.6484375 0.04296875 0.046875
0 0.01171875 0.82421875 0.0234375 0.0703125
0 0.224609375 0.9765625 0.05078125 0.0390625
0 0.43359375 0.96875 0.046875 0.0625
0 0.486328125 0.2890625 0.05859375 0.078125
0 0.453125 0.404296875 0.0703125 0.09765625
0 0.416015625 0.5546875 0.07421875 0.1171875
0 0.2421875 0.453125 0.0390625 0.046875
0 0.240234375 0.591796875 0.07421875 0.03515625
0 0.1171875 0.24609375 0.0390625 0.09375