2 0.421875 0.556640625 0.1484375 0.28515625
2 0.13671875 0.779296875 0.1484375 0.42578125
2 0.125 0.140625 0.078125 0.2734375
2 0.275390625 0.228515625 0.07421875 0.12890625
2 0.236328125 0.07421875 0.04296875 0.09375
2 0.400390625 0.2578125 0.05859375 0.125
2 0.275390625 0.609375 0.03515625 0.09375
2 0.384765625 0.7734375 0.00390625 0.078125
2 0.609375 0.654296875 0.0390625 0.23828125
2 0.716796875 0.279296875 0.04296875 0.11328125
2 0.73046875 0.07421875 0.0703125 0.1328125
2 0.9140625 0.61328125 0.171875 0.7734375
2 0.755859375 0.890625 0.04296875 0.140625
2 0.58203125 0.208984375 0.0546875 0.08203125
2 0.484375 0.078125 0.09375 0.15625
2 0.423828125 0.9375 0.05078125 0.0625