0 0.302734375 0.376953125 0.08203125 0.08203125
0 0.376953125 0.244140625 0.02734375 0.08203125
0 0.291015625 0.09375 0.04296875 0.1875
0 0.09765625 0.63671875 0.0859375 0.203125
0 0.171875 0.8359375 0.03125 0.0703125
0 0.056640625 0.869140625 0.08984375 0.26171875
0 0.17578125 0.228515625 0.125 0.45703125
0 0.857421875 0.3359375 0.16015625 0.1953125
0 0.662109375 0.35546875 0.18359375 0.7109375
0 0.533203125 0.04296875 0.05078125 0.0703125
0 0.505859375 0.1796875 0.05078125 0.0546875
0 0.501953125 0.50390625 0.08984375 0.078125
0 0.5546875 0.7578125 0.0859375 0.0625
0 0.591796875 0.892578125 0.16796875 0.20703125
0 0.765625 0.177734375 0.0390625 0.06640625
0 0.396484375 0.119140625 0.07421875 0.07421875
0 0.337890625 0.556640625 0.08203125 0.25390625
0 0.5078125 0.357421875 0.078125 0.05859375
0 0.380859375 0.744140625 0.05078125 0.06640625
0 0.314453125 0.8515625 0.04296875 0.1328125
0 0.8828125 0.6875 0.1484375 0.3046875
0 0.845703125 0.896484375 0.23828125 0.19140625
0 0.68359375 0.7421875 0.171875 0.0703125
0 0.779296875 0.50390625 0.03515625 0.3828125
0 0.921875 0.11328125 0.0625 0.2265625
0 0.021484375 0.453125 0.03515625 0.1171875
0 0.279296875 0.275390625 0.05078125 0.06640625