2 0.091796875 0.705078125 0.12109375 0.54296875
2 0.255859375 0.69921875 0.12109375 0.59375
2 0.248046875 0.298828125 0.03515625 0.16015625
2 0.318359375 0.291015625 0.05078125 0.16015625
2 0.56640625 0.5703125 0.046875 0.0859375
2 0.798828125 0.697265625 0.08203125 0.19140625
2 0.6640625 0.947265625 0.0625 0.05859375
2 0.58984375 0.3828125 0.0546875 0.0859375
2 0.75 0.23828125 0.125 0.4765625
2 0.896484375 0.671875 0.05859375 0.1328125
2 0.400390625 0.63671875 0.08203125 0.296875
2 0.84375 0.3984375 0.1328125 0.2734375
2 0.708984375 0.64453125 0.05078125 0.1171875
2 0.189453125 0.326171875 0.04296875 0.04296875
2 0.947265625 0.857421875 0.05859375 0.27734375
2 0.021484375 0.84375 0.03515625 0.0546875
2 0.935546875 0.576171875 0.05859375 0.27734375
2 0.19140625 0.123046875 0.0703125 0.24609375
2 0.419921875 0.263671875 0.02734375 0.07421875
2 0.76953125 0.8671875 0.0546875 0.078125
2 0.63671875 0.58203125 0.03125 0.0390625
2 0.705078125 0.55859375 0.04296875 0.015625
2 0.67578125 0.490234375 0.0546875 0.02734375
2 0.380859375 0.458984375 0.05859375 0.01171875
2 0.494140625 0.103515625 0.05078125 0.20703125
2 0.572265625 0.13671875 0.01171875 0.03125
2 0.63671875 0.04296875 0.0234375 0.03125
2 0.6484375 0.2578125 0.0546875 0.0546875
2 0.15234375 0.46875 0.0703125 0.046875
2 0.134765625 0.576171875 0.02734375 0.02734375
2 0.60546875 0.755859375 0.0625 0.04296875
2 0.2734375 0.0546875 0.015625 0.0546875
2 0.32421875 0.14453125 0.0703125 0.0625