2 0.271484375 0.759765625 0.38671875 0.48046875
2 0.24609375 0.26953125 0.4296875 0.5390625
2 0.470703125 0.88671875 0.12890625 0.21875
2 0.482421875 0.716796875 0.06640625 0.12890625
2 0.47265625 0.556640625 0.0546875 0.20703125
2 0.619140625 0.09375 0.29296875 0.1875
2 0.484375 0.20703125 0.015625 0.0078125
2 0.62109375 0.255859375 0.2734375 0.13671875
2 0.826171875 0.09765625 0.07421875 0.1953125
2 0.83203125 0.25 0.09375 0.1171875
2 0.63671875 0.361328125 0.265625 0.08984375
2 0.57421875 0.453125 0.1171875 0.125
2 0.70703125 0.4921875 0.140625 0.1875
2 0.8046875 0.462890625 0.046875 0.09765625
2 0.884765625 0.462890625 0.07421875 0.23828125
2 0.58203125 0.62109375 0.1015625 0.2109375
2 0.6796875 0.65234375 0.078125 0.140625
2 0.755859375 0.658203125 0.08203125 0.12890625
2 0.900390625 0.671875 0.10546875 0.1640625
2 0.625 0.82421875 0.1484375 0.1875
2 0.939453125 0.875 0.05859375 0.25
2 0.830078125 0.91796875 0.12109375 0.1640625
2 0.7109375 0.82421875 0.046875 0.0703125
2 0.740234375 0.740234375 0.04296875 0.05859375
2 0.65625 0.9609375 0.1796875 0.078125