2 0.11328125 0.48828125 0.1328125 0.1875
2 0.232421875 0.515625 0.12890625 0.2265625
2 0.537109375 0.955078125 0.09765625 0.08984375
2 0.705078125 0.93359375 0.10546875 0.1328125
2 0.9140625 0.861328125 0.078125 0.11328125
2 0.748046875 0.3046875 0.13671875 0.140625
2 0.7734375 0.09765625 0.09375 0.15625
2 0.42578125 0.76953125 0.0546875 0.03125
2 0.548828125 0.75390625 0.05078125 0.046875
2 0.60546875 0.8046875 0.0546875 0.0625
2 0.529296875 0.875 0.04296875 0.0390625
2 0.384765625 0.96484375 0.05078125 0.0703125
2 0.29296875 0.8984375 0.0625 0.0703125
2 0.21875 0.04296875 0.0859375 0.0859375
2 0.30859375 0.072265625 0.0625 0.08984375
2 0.29296875 0.130859375 0.0390625 0.03515625
2 0.14453125 0.080078125 0.0546875 0.16015625
2 0.23828125 0.201171875 0.125 0.10546875
2 0.169921875 0.353515625 0.08203125 0.05859375
2 0.1484375 0.248046875 0.0390625 0.04296875
2 0.640625 0.017578125 0.1171875 0.03515625
2 0.537109375 0.033203125 0.02734375 0.02734375
2 0.5859375 0.095703125 0.0625 0.04296875
2 0.689453125 0.091796875 0.04296875 0.03515625
2 0.732421875 0.208984375 0.05078125 0.02734375
2 0.5703125 0.193359375 0.078125 0.08984375
2 0.642578125 0.23046875 0.04296875 0.0390625
2 0.451171875 0.021484375 0.12890625 0.04296875
2 0.365234375 0.037109375 0.04296875 0.07421875
2 0.3828125 0.130859375 0.09375 0.08984375
2 0.59765625 0.322265625 0.1640625 0.12890625
2 0.44921875 0.265625 0.03125 0.046875
2 0.353515625 0.259765625 0.11328125 0.14453125
2 0.4921875 0.365234375 0.0390625 0.03515625
2 0.484375 0.3203125 0.0234375 0.0234375
2 0.443359375 0.43359375 0.07421875 0.0703125
2 0.357421875 0.361328125 0.08984375 0.05859375
2 0.3671875 0.451171875 0.078125 0.11328125
2 0.4140625 0.529296875 0.0546875 0.04296875
2 0.404296875 0.640625 0.14453125 0.0546875
2 0.32421875 0.5625 0.046875 0.09375
2 0.40625 0.576171875 0.0703125 0.03515625
2 0.130859375 0.638671875 0.05078125 0.10546875
2 0.4609375 0.9375 0.0546875 0.125
2 0.640625 0.43359375 0.0703125 0.03125
2 0.78125 0.43359375 0.0703125 0.0859375
2 0.87890625 0.369140625 0.0625 0.09765625
2 0.86328125 0.26953125 0.0390625 0.09375
2 0.822265625 0.19921875 0.04296875 0.0546875
2 0.865234375 0.48828125 0.05859375 0.0625
2 0.712890625 0.48828125 0.03515625 0.046875
2 0.63671875 0.498046875 0.0703125 0.07421875
2 0.701171875 0.640625 0.11328125 0.1328125
2 0.79296875 0.546875 0.0703125 0.0703125
2 0.83203125 0.693359375 0.0546875 0.05859375
2 0.9453125 0.70703125 0.078125 0.0546875
2 0.97265625 0.63671875 0.0546875 0.0625
2 0.94140625 0.568359375 0.0390625 0.02734375
2 0.90234375 0.767578125 0.03125 0.04296875
2 0.970703125 0.763671875 0.03515625 0.01953125
2 0.974609375 0.8671875 0.05078125 0.0859375
2 0.79296875 0.7578125 0.0859375 0.0859375
2 0.681640625 0.767578125 0.07421875 0.12109375
2 0.81640625 0.9375 0.109375 0.125
2 0.93359375 0.9609375 0.1328125 0.078125
2 0.28515625 0.68359375 0.0625 0.046875
2 0.232421875 0.763671875 0.06640625 0.06640625
2 0.611328125 0.62890625 0.06640625 0.1875
2 0.513671875 0.509765625 0.05078125 0.15234375
2 0.626953125 0.955078125 0.05859375 0.08984375