1 0.88671875 0.0703125 0.1484375 0.125
1 0.146484375 0.177734375 0.09765625 0.05078125
1 0.12890625 0.0546875 0.0546875 0.0859375
1 0.21875 0.0390625 0.078125 0.078125
1 0.37890625 0.029296875 0.0390625 0.05859375
1 0.408203125 0.111328125 0.05859375 0.06640625
1 0.267578125 0.146484375 0.08984375 0.06640625
1 0.052734375 0.119140625 0.10546875 0.23828125
1 0.763671875 0.228515625 0.19140625 0.04296875
1 0.392578125 0.619140625 0.78515625 0.76171875
1 0.224609375 0.236328125 0.20703125 0.10546875
1 0.7578125 0.013671875 0.078125 0.02734375
1 0.431640625 0.279296875 0.16015625 0.12109375