1 0.91015625 0.2734375 0.1796875 0.5078125
1 0.486328125 0.2109375 0.11328125 0.1015625
1 0.751953125 0.27734375 0.09765625 0.1015625
1 0.521484375 0.400390625 0.14453125 0.10546875
1 0.427734375 0.3359375 0.11328125 0.0546875
1 0.296875 0.34765625 0.0703125 0.171875
1 0.40234375 0.546875 0.203125 0.125
1 0.759765625 0.505859375 0.11328125 0.08984375
1 0.826171875 0.732421875 0.15234375 0.14453125
1 0.61328125 0.80078125 0.140625 0.125
1 0.099609375 0.826171875 0.19921875 0.12890625
1 0.0703125 0.939453125 0.140625 0.12109375
1 0.0546875 0.8984375 0.015625 0.046875
1 0.76171875 0.9375 0.2421875 0.125
1 0.326171875 0.859375 0.16796875 0.1171875
1 0.181640625 0.69140625 0.04296875 0.0625
1 0.41796875 0.716796875 0.0625 0.05078125
1 0.515625 0.646484375 0.1015625 0.06640625
1 0.673828125 0.65625 0.09765625 0.0546875