2 0.609375 0.109375 0.078125 0.125
2 0.787109375 0.16015625 0.05859375 0.140625
2 0.716796875 0.29296875 0.06640625 0.1640625
2 0.50390625 0.40625 0.046875 0.09375
2 0.568359375 0.408203125 0.03515625 0.15234375
2 0.716796875 0.52734375 0.06640625 0.1875
2 0.65625 0.666015625 0.0546875 0.22265625
2 0.1953125 0.390625 0.0546875 0.0625
2 0.296875 0.599609375 0.0703125 0.12109375
2 0.19921875 0.68359375 0.109375 0.1484375
2 0.0703125 0.72265625 0.0859375 0.5390625
2 0.431640625 0.6484375 0.07421875 0.1796875
2 0.416015625 0.837890625 0.10546875 0.16015625
2 0.58203125 0.84375 0.0625 0.0625
2 0.287109375 0.771484375 0.05078125 0.04296875
2 0.31640625 0.830078125 0.046875 0.05078125
2 0.771484375 0.712890625 0.06640625 0.10546875
2 0.958984375 0.83203125 0.05859375 0.1953125
2 0.9296875 0.1640625 0.1015625 0.328125
2 0.84375 0.724609375 0.0546875 0.07421875
2 0.794921875 0.919921875 0.08984375 0.16015625
2 0.40625 0.1328125 0.0625 0.0546875
2 0.1328125 0.146484375 0.046875 0.29296875
2 0.11328125 0.376953125 0.046875 0.16015625