2 0.5733333333333334 0.8851851851851852 0.12222222222222222 0.10222222222222223
2 0.39222222222222225 0.8155555555555556 0.22666666666666666 0.1111111111111111
2 0.4288888888888889 0.725925925925926 0.11555555555555555 0.056296296296296296
2 0.12277777777777778 0.6377777777777778 0.06777777777777778 0.0637037037037037
2 0.25055555555555553 0.5666666666666667 0.17666666666666667 0.045925925925925926
2 0.095 0.5525925925925926 0.06777777777777778 0.047407407407407405
2 0.015555555555555555 0.8585185185185186 0.03111111111111111 0.07555555555555556
2 0.1527777777777778 0.7755555555555556 0.10333333333333333 0.16148148148148148
2 0.24944444444444444 0.7570370370370371 0.03888888888888889 0.035555555555555556
2 0.22555555555555556 0.8237037037037037 0.03333333333333333 0.044444444444444446
2 0.8861111111111111 0.8666666666666667 0.22777777777777777 0.13925925925925925
2 0.7322222222222222 0.7866666666666666 0.16444444444444445 0.17185185185185184
2 0.5933333333333334 0.7 0.12222222222222222 0.07555555555555556
2 0.9272222222222222 0.5525925925925926 0.14555555555555555 0.35259259259259257
2 0.6355555555555555 0.5311111111111111 0.3333333333333333 0.3718518518518519
2 0.41388888888888886 0.6311111111111111 0.07222222222222222 0.06814814814814815
2 0.49444444444444446 0.6207407407407407 0.035555555555555556 0.02962962962962963
2 0.07777777777777778 0.8688888888888889 0.042222222222222223 0.0874074074074074
2 0.8288888888888889 0.3925925925925926 0.06222222222222222 0.07111111111111111
2 0.28555555555555556 0.3451851851851852 0.22666666666666666 0.19555555555555557
2 0.12 0.4666666666666667 0.24 0.11555555555555555
2 0.04111111111111111 0.34814814814814815 0.08222222222222222 0.05333333333333334
2 0.14 0.2985185185185185 0.03333333333333333 0.045925925925925926
2 0.08444444444444445 0.28444444444444444 0.06888888888888889 0.05333333333333334
2 0.31277777777777777 0.15481481481481482 0.31222222222222223 0.11407407407407408
2 0.035555555555555556 0.12296296296296297 0.07111111111111111 0.07703703703703704
2 0.11444444444444445 0.2051851851851852 0.13111111111111112 0.1111111111111111
2 0.03222222222222222 0.17925925925925926 0.044444444444444446 0.044444444444444446
2 0.43555555555555553 0.39111111111111113 0.07777777777777778 0.1451851851851852
2 0.62 0.24962962962962962 0.08222222222222222 0.0637037037037037
2 0.5183333333333333 0.28074074074074074 0.056666666666666664 0.04
2 0.6788888888888889 0.2985185185185185 0.04888888888888889 0.13777777777777778
2 0.2633333333333333 0.9088888888888889 0.22 0.1111111111111111
2 0.8705555555555555 0.7762962962962963 0.034444444444444444 0.03851851851851852
2 0.07555555555555556 0.6896296296296296 0.03777777777777778 0.04