2 0.861328125 0.837890625 0.11328125 0.32421875
2 0.515625 0.783203125 0.203125 0.43359375
2 0.109375 0.86328125 0.1953125 0.2734375
2 0.705078125 0.0859375 0.40234375 0.171875
2 0.25 0.587890625 0.1640625 0.15234375
2 0.384765625 0.36328125 0.12109375 0.234375
2 0.607421875 0.421875 0.16015625 0.3125
2 0.6484375 0.6484375 0.1171875 0.09375
2 0.734375 0.2890625 0.1328125 0.265625
2 0.81640625 0.61328125 0.1015625 0.1875
2 0.32421875 0.822265625 0.1875 0.35546875
2 0.453125 0.505859375 0.125 0.17578125
2 0.5078125 0.236328125 0.0859375 0.13671875