2 0.115234375 0.5 0.14453125 1
2 0.23046875 0.6171875 0.09375 0.5
2 0.423828125 0.16796875 0.10546875 0.1171875
2 0.62890625 0.666015625 0.078125 0.06640625
2 0.677734375 0.544921875 0.06640625 0.11328125
2 0.8046875 0.619140625 0.0703125 0.09765625
2 0.96875 0.52734375 0.0625 0.1484375
2 0.328125 0.96875 0.078125 0.0546875
2 0.79296875 0.1484375 0.0546875 0.140625
2 0.353515625 0.09375 0.12109375 0.0703125
2 0.720703125 0.0390625 0.12109375 0.078125
2 0.322265625 0.44140625 0.11328125 0.21875
2 0.275390625 0.1953125 0.08984375 0.0546875
2 0.70703125 0.802734375 0.0546875 0.10546875