2 0.140625 0.41796875 0.125 0.3125
2 0.119140625 0.740234375 0.13671875 0.33203125
2 0.2578125 0.759765625 0.0390625 0.05078125
2 0.26953125 0.51953125 0.09375 0.3125
2 0.349609375 0.6171875 0.07421875 0.234375
2 0.251953125 0.26171875 0.10546875 0.046875
2 0.212890625 0.822265625 0.03515625 0.05078125
2 0.400390625 0.857421875 0.05859375 0.05859375
2 0.34765625 0.966796875 0.046875 0.04296875
2 0.451171875 0.357421875 0.12109375 0.71484375
2 0.373046875 0.392578125 0.02734375 0.04296875
2 0.28515625 0.111328125 0.21875 0.22265625
2 0.587890625 0.5 0.15234375 1
2 0.484375 0.98046875 0.0546875 0.0390625
2 0.83203125 0.564453125 0.3359375 0.87109375
2 0.734375 0.064453125 0.1328125 0.12890625