0 0.5078125 0.490234375 0.171875 0.76171875
0 0.654296875 0.857421875 0.03515625 0.08984375
0 0.189453125 0.603515625 0.30078125 0.41015625
0 0.263671875 0.255859375 0.28515625 0.26953125
0 0.693359375 0.25 0.16796875 0.28125
0 0.8359375 0.76953125 0.1796875 0.1953125
0 0.423828125 0.0546875 0.13671875 0.109375
0 0.625 0.05078125 0.1171875 0.1015625
0 0.640625 0.5078125 0.0859375 0.21875
0 0.693359375 0.70703125 0.10546875 0.1171875
0 0.875 0.947265625 0.171875 0.09765625
0 0.2265625 0.9453125 0.0703125 0.0859375
0 0.373046875 0.611328125 0.05078125 0.41796875
0 0.3125 0.0625 0.0546875 0.09375