0 0.490234375 0.47265625 0.22265625 0.6875
0 0.65625 0.48046875 0.09375 0.2734375
0 0.80078125 0.255859375 0.09375 0.11328125
0 0.291015625 0.359375 0.07421875 0.1484375
0 0.0390625 0.3515625 0.078125 0.1015625
0 0.28125 0.533203125 0.0625 0.19921875
0 0.22265625 0.525390625 0.0546875 0.07421875
0 0.1484375 0.607421875 0.0546875 0.03515625
0 0.201171875 0.66015625 0.04296875 0.0546875
0 0.265625 0.853515625 0.046875 0.05078125
0 0.296875 0.916015625 0.0546875 0.02734375
0 0.01171875 0.76953125 0.0234375 0.0546875
0 0.89453125 0.73828125 0.1328125 0.0546875
0 0.748046875 0.794921875 0.08203125 0.10546875
0 0.673828125 0.92578125 0.05859375 0.09375
0 0.74609375 0.9609375 0.0546875 0.078125
0 0.638671875 0.728515625 0.07421875 0.16015625
0 0.796875 0.56640625 0.0546875 0.0703125
0 0.771484375 0.65625 0.09765625 0.0703125
0 0.6875 0.04296875 0.0390625 0.03125
0 0.689453125 0.23046875 0.12890625 0.09375
0 0.9296875 0.111328125 0.0546875 0.04296875
0 0.896484375 0.046875 0.05859375 0.0234375
0 0.93359375 0.171875 0.078125 0.0390625
0 0.93359375 0.310546875 0.1015625 0.07421875
0 0.8125 0.376953125 0.0546875 0.05078125
0 0.87109375 0.4375 0.171875 0.0390625
0 0.923828125 0.521484375 0.15234375 0.08984375
0 0.958984375 0.63671875 0.08203125 0.09375
0 0.734375 0.4765625 0.0625 0.2578125
0 0.44140625 0.87890625 0.140625 0.1171875
0 0.08984375 0.80859375 0.046875 0.0390625
0 0.259765625 0.751953125 0.14453125 0.08203125
0 0.205078125 0.966796875 0.04296875 0.04296875
0 0.025390625 0.52734375 0.05078125 0.109375
0 0.09765625 0.572265625 0.046875 0.04296875
0 0.05078125 0.9453125 0.0625 0.0546875