2 0.5763888888888888 0.36563517915309446 0.125 0.09283387622149837
2 0.7069444444444445 0.4568403908794788 0.3101851851851852 0.15798045602605862
2 0.45601851851851855 0.4584690553745928 0.05648148148148148 0.04071661237785016
2 0.5185185185185185 0.5969055374592834 0.05740740740740741 0.043973941368078175
2 0.17685185185185184 0.6799674267100977 0.3537037037037037 0.3990228013029316
2 0.07592592592592592 0.43241042345276876 0.15185185185185185 0.08306188925081433
2 0.17175925925925925 0.33631921824104233 0.20462962962962963 0.12214983713355049
2 0.025925925925925925 0.2752442996742671 0.05185185185185185 0.15309446254071662
2 0.41064814814814815 0.27931596091205213 0.14166666666666666 0.06677524429967427
2 0.39351851851851855 0.7043973941368078 0.05185185185185185 0.08631921824104234
2 0.37962962962962965 0.024429967426710098 0.7592592592592593 0.048859934853420196
2 0.09166666666666666 0.1490228013029316 0.05 0.06026058631921824
2 0.1763888888888889 0.12214983713355049 0.04537037037037037 0.05211726384364821
2 0.19444444444444445 0.19381107491856678 0.04259259259259259 0.035830618892508145
2 0.022222222222222223 0.11970684039087948 0.044444444444444446 0.07980456026058631
2 0.9402777777777778 0.07736156351791532 0.11944444444444445 0.15472312703583063
2 0.8467592592592592 0.17019543973941367 0.05277777777777778 0.07003257328990228
2 0.5314814814814814 0.13517915309446255 0.1574074074074074 0.06188925081433225
2 0.5273148148148148 0.2288273615635179 0.04537037037037037 0.10586319218241043
2 0.3592592592592593 0.11074918566775244 0.06666666666666667 0.08794788273615635
2 0.9476851851851852 0.4600977198697068 0.03425925925925926 0.05374592833876222
2 0.7888888888888889 0.3289902280130293 0.037037037037037035 0.05211726384364821
2 0.6601851851851852 0.2703583061889251 0.06296296296296296 0.06514657980456026
2 0.7435185185185185 0.6205211726384365 0.17407407407407408 0.1270358306188925
2 0.6412037037037037 0.7320846905537459 0.05462962962962963 0.12214983713355049
2 0.8944444444444445 0.8200325732899023 0.18703703703703703 0.06677524429967427
2 0.44027777777777777 0.9421824104234527 0.5231481481481481 0.10586319218241043
2 0.47962962962962963 0.8192182410423453 0.24444444444444444 0.14006514657980457