2 0.5375 0.15677966101694915 0.925 0.3135593220338983
2 0.8075 0.4669491525423729 0.245 0.3
2 0.095 0.588135593220339 0.19 0.15593220338983052
2 0.1275 0.7042372881355933 0.155 0.07288135593220339
2 0.7325 0.902542372881356 0.135 0.025423728813559324
2 0.7075 0.9601694915254237 0.105 0.03559322033898305
2 0.575 0.9754237288135593 0.09 0.04915254237288136
2 0.365 0.9305084745762712 0.08 0.0711864406779661
2 0.1825 0.8940677966101694 0.195 0.07288135593220339
2 0.145 0.8101694915254237 0.16 0.08135593220338982
2 0.255 0.39915254237288134 0.1 0.059322033898305086
2 0.385 0.3949152542372881 0.08 0.15932203389830507
2 0.35 0.5305084745762711 0.11 0.10508474576271186
2 0.13 0.3635593220338983 0.2 0.08644067796610169
2 0.2575 0.6669491525423729 0.065 0.04915254237288136
2 0.5675 0.39661016949152544 0.215 0.16271186440677965
2 0.5725 0.5644067796610169 0.205 0.17288135593220338
2 0.4925 0.7211864406779661 0.135 0.10338983050847457
2 0.79 0.7211864406779661 0.24 0.20847457627118643
2 0.4075 0.8110169491525424 0.155 0.059322033898305086
2 0.4425 0.8610169491525423 0.095 0.04406779661016949