2 0.46095238095238095 0.5088607594936709 0.26285714285714284 0.11645569620253164
2 0.1419047619047619 0.22658227848101264 0.20761904761904762 0.07848101265822785
2 0.07809523809523809 0.31518987341772153 0.06095238095238095 0.09367088607594937
2 0.25523809523809526 0.5037974683544304 0.08761904761904762 0.10126582278481013
2 0.8580952380952381 0.4531645569620253 0.09333333333333334 0.07088607594936709
2 0.4780952380952381 0.1620253164556962 0.19428571428571428 0.10632911392405063
2 0.5619047619047619 0.06962025316455696 0.06095238095238095 0.05822784810126582
2 0.17142857142857143 0.49240506329113926 0.08 0.07341772151898734
2 0.07333333333333333 0.5316455696202531 0.14666666666666667 0.07088607594936709
2 0.02095238095238095 0.5569620253164557 0.0038095238095238095 0.005063291139240506
2 0.9495238095238095 0.6417721518987342 0.10095238095238095 0.07848101265822785
2 0.8571428571428571 0.6759493670886076 0.10666666666666667 0.10126582278481013
2 0.7447619047619047 0.6936708860759494 0.14476190476190476 0.060759493670886074
2 0.6238095238095238 0.7278481012658228 0.12761904761904763 0.06835443037974684
2 0.5019047619047619 0.7379746835443038 0.14285714285714285 0.06329113924050633
2 0.3933333333333333 0.7506329113924051 0.12380952380952381 0.07848101265822785
2 0.2742857142857143 0.760759493670886 0.1219047619047619 0.08354430379746836
2 0.15523809523809523 0.7784810126582279 0.12 0.10379746835443038
2 0.04857142857142857 0.7924050632911392 0.09714285714285714 0.11139240506329114
2 0.26761904761904765 0.29240506329113924 0.09333333333333334 0.06835443037974684
2 0.5619047619047619 0.9278481012658227 0.0380952380952381 0.06329113924050633