2 0.162109375 0.09765625 0.20703125 0.1953125
2 0.193359375 0.837890625 0.10546875 0.32421875
2 0.580078125 0.1796875 0.17578125 0.359375
2 0.42578125 0.0390625 0.078125 0.078125
2 0.3046875 0.31640625 0.15625 0.2578125
2 0.158203125 0.2265625 0.12890625 0.0625
2 0.439453125 0.58203125 0.10546875 0.8359375
2 0.3515625 0.498046875 0.0546875 0.08203125
2 0.8046875 0.1875 0.2734375 0.375
2 0.732421875 0.8046875 0.47265625 0.390625
2 0.693359375 0.48828125 0.39453125 0.234375
2 0.279296875 0.865234375 0.02734375 0.08984375
2 0.353515625 0.88671875 0.06640625 0.2265625
2 0.28125 0.607421875 0.046875 0.08984375