2 0.736328125 0.9375 0.16796875 0.125
2 0.923828125 0.841796875 0.11328125 0.31640625
2 0.703125 0.673828125 0.0390625 0.05078125
2 0.650390625 0.548828125 0.05859375 0.07421875
2 0.716796875 0.52734375 0.04296875 0.109375
2 0.40625 0.357421875 0.4296875 0.71484375
2 0.544921875 0.8828125 0.01953125 0.09375
2 0.318359375 0.859375 0.37109375 0.28125
2 0.0546875 0.208984375 0.0703125 0.06640625
2 0.029296875 0.11328125 0.05859375 0.0859375
2 0.703125 0.169921875 0.078125 0.11328125
2 0.8125 0.052734375 0.375 0.10546875
2 0.87890625 0.509765625 0.078125 0.32421875
2 0.791015625 0.16796875 0.09765625 0.1171875
2 0.125 0.2578125 0.0390625 0.0625
2 0.138671875 0.4296875 0.08984375 0.203125
2 0.0625 0.509765625 0.0546875 0.13671875
2 0.091796875 0.66015625 0.06640625 0.21875
2 0.162109375 0.623046875 0.06640625 0.18359375