1 0.646484375 0.224609375 0.27734375 0.24609375
1 0.92578125 0.248046875 0.1484375 0.15234375
1 0.76171875 0.396484375 0.1171875 0.09765625
1 0.322265625 0.505859375 0.09765625 0.11328125
1 0.12890625 0.73828125 0.2109375 0.515625
1 0.68359375 0.931640625 0.375 0.13671875
1 0.513671875 0.720703125 0.04296875 0.05859375
1 0.3046875 0.76953125 0.078125 0.0859375
1 0.376953125 0.66015625 0.12890625 0.078125
1 0.287109375 0.890625 0.03515625 0.046875
1 0.294921875 0.9765625 0.07421875 0.046875
1 0.404296875 0.935546875 0.08203125 0.10546875
1 0.669921875 0.650390625 0.05859375 0.06640625
1 0.685546875 0.78125 0.05078125 0.046875
1 0.98046875 0.111328125 0.0390625 0.05078125