2 0.861328125 0.287109375 0.27734375 0.57421875
2 0.654296875 0.48046875 0.05078125 0.15625
2 0.52734375 0.53125 0.109375 0.9375
2 0.4609375 0.611328125 0.03125 0.11328125
2 0.384765625 0.490234375 0.09765625 0.48046875
2 0.29296875 0.1171875 0.0703125 0.1796875
2 0.1484375 0.23046875 0.1015625 0.21875
2 0.240234375 0.384765625 0.02734375 0.15234375
2 0.1171875 0.458984375 0.1640625 0.23828125
2 0.908203125 0.728515625 0.08203125 0.06640625
2 0.8203125 0.71484375 0.0546875 0.0703125
2 0.837890625 0.884765625 0.11328125 0.23046875
2 0.140625 0.681640625 0.09375 0.17578125
2 0.224609375 0.94140625 0.07421875 0.1171875
2 0.296875 0.474609375 0.0390625 0.05078125
2 0.302734375 0.658203125 0.02734375 0.11328125
2 0.587890625 0.765625 0.02734375 0.0625
2 0.16796875 0.939453125 0.0234375 0.12109375
2 0.150390625 0.802734375 0.04296875 0.02734375