0 0.654296875 0.501953125 0.23828125 0.84765625
0 0.64453125 0.037109375 0.234375 0.07421875
0 0.37890625 0.193359375 0.296875 0.38671875
0 0.0390625 0.57421875 0.078125 0.09375
0 0.3671875 0.451171875 0.109375 0.12109375
0 0.498046875 0.509765625 0.06640625 0.05859375
0 0.228515625 0.4140625 0.08203125 0.046875
0 0.2265625 0.4921875 0.0859375 0.0703125
0 0.169921875 0.623046875 0.07421875 0.08203125
0 0.11328125 0.193359375 0.2265625 0.37890625
0 0.087890625 0.443359375 0.17578125 0.11328125
0 0.263671875 0.673828125 0.06640625 0.05078125
0 0.111328125 0.740234375 0.22265625 0.15234375
0 0.380859375 0.591796875 0.32421875 0.10546875
0 0.41796875 0.75390625 0.2265625 0.2109375
0 0.484375 0.421875 0.078125 0.0546875