1 0.669921875 0.130859375 0.42578125 0.26171875
1 0.6171875 0.310546875 0.046875 0.04296875
1 0.650390625 0.37109375 0.08984375 0.0546875
1 0.76171875 0.482421875 0.3671875 0.17578125
1 0.8125 0.625 0.15625 0.109375
1 0.640625 0.689453125 0.0625 0.05078125
1 0.697265625 0.763671875 0.05078125 0.05859375
1 0.591796875 0.74609375 0.05078125 0.03125
1 0.642578125 0.861328125 0.05859375 0.05078125
1 0.6875 0.9609375 0.046875 0.0546875
1 0.7734375 0.86328125 0.0859375 0.09375
1 0.296875 0.482421875 0.0859375 0.05078125
1 0.228515625 0.431640625 0.04296875 0.03515625
1 0.37890625 0.24609375 0.1171875 0.1171875
1 0.080078125 0.53515625 0.05078125 0.0625
1 0.146484375 0.5859375 0.05859375 0.0546875
1 0.228515625 0.603515625 0.06640625 0.05859375
1 0.04296875 0.693359375 0.0546875 0.02734375
1 0.0859375 0.791015625 0.0625 0.09765625
1 0.20703125 0.7578125 0.0546875 0.1328125
1 0.328125 0.6875 0.0625 0.0390625
1 0.423828125 0.7421875 0.06640625 0.0546875
1 0.416015625 0.89453125 0.04296875 0.046875