2 0.064453125 0.119140625 0.12890625 0.23828125
2 0.044921875 0.611328125 0.08984375 0.77734375
2 0.521484375 0.15625 0.73046875 0.3125
2 0.40625 0.380859375 0.4765625 0.17578125
2 0.837890625 0.384765625 0.11328125 0.19140625
2 0.373046875 0.5703125 0.51171875 0.1875
2 0.669921875 0.5 0.09765625 0.1640625
2 0.810546875 0.54296875 0.18359375 0.1328125
2 0.146484375 0.779296875 0.12890625 0.22265625
2 0.54296875 0.875 0.0703125 0.046875
2 0.576171875 0.962890625 0.09765625 0.07421875
2 0.607421875 0.869140625 0.04296875 0.10546875
2 0.642578125 0.662109375 0.08984375 0.15234375
2 0.767578125 0.6796875 0.14453125 0.2109375
2 0.61328125 0.78515625 0.09375 0.046875
2 0.2890625 0.9453125 0.0703125 0.0859375
2 0.404296875 0.86328125 0.12109375 0.2734375
2 0.513671875 0.92578125 0.05078125 0.0390625
2 0.275390625 0.744140625 0.11328125 0.23046875
2 0.404296875 0.697265625 0.12109375 0.07421875
2 0.56640625 0.681640625 0.0703125 0.04296875
2 0.48828125 0.81640625 0.0703125 0.046875
2 0.49609375 0.740234375 0.03125 0.05078125
2 0.126953125 0.974609375 0.12890625 0.05078125