1 0.20703125 0.314453125 0.4140625 0.62890625
1 0.77734375 0.193359375 0.4453125 0.38671875
1 0.564453125 0.64453125 0.15234375 0.1640625
1 0.298828125 0.814453125 0.28515625 0.37109375
1 0.58203125 0.876953125 0.265625 0.23046875
1 0.88671875 0.498046875 0.2265625 0.21484375
1 0.703125 0.556640625 0.125 0.11328125
1 0.69140625 0.703125 0.0625 0.0859375
1 0.58984375 0.470703125 0.0390625 0.06640625
1 0.458984375 0.501953125 0.05859375 0.09765625
1 0.427734375 0.423828125 0.02734375 0.04296875
1 0.46484375 0.2265625 0.0625 0.078125
1 0.51953125 0.275390625 0.03125 0.05078125