2 0.1875 0.5 0.296875 1
2 0.875 0.5 0.203125 1
2 0.7421875 0.7109375 0.109375 0.203125
2 0.6328125 0.830078125 0.0703125 0.05859375
2 0.609375 0.76171875 0.078125 0.0625
2 0.548828125 0.169921875 0.07421875 0.28515625
2 0.60546875 0.392578125 0.09375 0.17578125
2 0.533203125 0.484375 0.05859375 0.125
2 0.7109375 0.982421875 0.0703125 0.03515625
2 0.443359375 0.974609375 0.03515625 0.05078125
2 0.419921875 0.3671875 0.14453125 0.734375
2 0.421875 0.884765625 0.046875 0.08984375
2 0.765625 0.51171875 0.0625 0.0546875
2 0.75390625 0.1953125 0.09375 0.203125
2 0.578125 0.97265625 0.0625 0.0546875
2 0.662109375 0.865234375 0.06640625 0.04296875
2 0.55859375 0.609375 0.046875 0.0625
2 0.654296875 0.544921875 0.05078125 0.05078125