0 0.6640625 0.33984375 0.140625 0.21875
0 0.62109375 0.53515625 0.140625 0.1796875
0 0.5546875 0.6796875 0.1171875 0.109375
0 0.513671875 0.80859375 0.12109375 0.140625
0 0.490234375 0.939453125 0.05078125 0.11328125
0 0.890625 0.568359375 0.0390625 0.04296875
0 0.751953125 0.591796875 0.10546875 0.09765625
0 0.39453125 0.576171875 0.0390625 0.02734375
0 0.427734375 0.6796875 0.12109375 0.0234375
0 0.4453125 0.61328125 0.046875 0.0546875
0 0.59765625 0.158203125 0.046875 0.05859375
0 0.86328125 0.189453125 0.0859375 0.04296875
0 0.919921875 0.068359375 0.16015625 0.13671875
0 0.77734375 0.146484375 0.0234375 0.04296875
0 0.6953125 0.109375 0.0625 0.109375
0 0.56640625 0.060546875 0.1796875 0.12109375
0 0.49609375 0.267578125 0.0390625 0.04296875
0 0.3984375 0.94140625 0.125 0.1171875
0 0.30859375 0.953125 0.0390625 0.09375
0 0.779296875 0.947265625 0.17578125 0.08984375
0 0.6953125 0.80859375 0.0390625 0.0234375
0 0.68359375 0.857421875 0.03125 0.01953125
0 0.5703125 0.921875 0.03125 0.0390625
0 0.427734375 0.189453125 0.09765625 0.11328125
0 0.36328125 0.369140625 0.125 0.23046875
0 0.931640625 0.30859375 0.05078125 0.0546875
0 0.970703125 0.1875 0.05078125 0.0390625