1 0.07407407407407407 0.22491909385113268 0.1111111111111111 0.10679611650485436
1 0.9120370370370371 0.08737864077669903 0.08796296296296297 0.12297734627831715
1 0.8773148148148148 0.030744336569579287 0.24537037037037038 0.05501618122977346
1 0.45023148148148145 0.23624595469255663 0.09490740740740741 0.11003236245954692
1 0.07523148148148148 0.33980582524271846 0.15046296296296297 0.12297734627831715
1 0.32407407407407407 0.3042071197411003 0.09259259259259259 0.09061488673139159
1 0.6770833333333334 0.2588996763754045 0.3773148148148148 0.11003236245954692
1 0.02546296296296296 0.45145631067961167 0.05092592592592592 0.04854368932038835
1 0.8715277777777778 0.7556634304207119 0.1412037037037037 0.18446601941747573
1 0.4548611111111111 0.37216828478964403 0.11805555555555555 0.07766990291262135
1 0.6087962962962963 0.3737864077669903 0.125 0.15210355987055016
1 0.8240740740740741 0.48220064724919093 0.35185185185185186 0.34951456310679613
1 0.2777777777777778 0.4077669902912621 0.27314814814814814 0.09061488673139159
1 0.1527777777777778 0.48220064724919093 0.1111111111111111 0.06472491909385113
1 0.05324074074074074 0.6148867313915858 0.10648148148148148 0.09061488673139159
1 0.26967592592592593 0.5242718446601942 0.26157407407407407 0.12944983818770225
1 0.47453703703703703 0.49514563106796117 0.22685185185185186 0.12297734627831715
1 0.41898148148148145 0.5970873786407767 0.12962962962962962 0.1779935275080906
1 0.21296296296296297 0.6456310679611651 0.2962962962962963 0.24919093851132687
1 0.5497685185185185 0.6084142394822006 0.22453703703703703 0.2912621359223301
1 0.6724537037037037 0.6472491909385113 0.0763888888888889 0.08414239482200647
1 0.48842592592592593 0.8996763754045307 0.5277777777777778 0.17475728155339806