2 0.197265625 0.203125 0.11328125 0.2265625
2 0.189453125 0.041015625 0.13671875 0.08203125
2 0.357421875 0.0859375 0.05078125 0.109375
2 0.537109375 0.04296875 0.05859375 0.078125
2 0.669921875 0.03125 0.09765625 0.0625
2 0.818359375 0.0546875 0.06640625 0.109375
2 0.728515625 0.126953125 0.05078125 0.13671875
2 0.611328125 0.11328125 0.02734375 0.0859375
2 0.03515625 0.931640625 0.0703125 0.11328125
2 0.11328125 0.79296875 0.09375 0.1953125
2 0.29296875 0.919921875 0.09375 0.14453125
2 0.1953125 0.919921875 0.03125 0.12109375
2 0.27734375 0.603515625 0.0625 0.15234375
2 0.193359375 0.408203125 0.08203125 0.07421875
2 0.1875 0.5390625 0.0546875 0.015625
2 0.197265625 0.64453125 0.05078125 0.0859375
2 0.080078125 0.357421875 0.05078125 0.12109375
2 0.443359375 0.8515625 0.05078125 0.296875
2 0.556640625 0.955078125 0.04296875 0.08984375
2 0.732421875 0.919921875 0.06640625 0.16015625
2 0.8671875 0.970703125 0.03125 0.05859375
2 0.958984375 0.95703125 0.08203125 0.0859375
2 0.93359375 0.79296875 0.0546875 0.1953125
2 0.884765625 0.486328125 0.04296875 0.13671875
2 0.873046875 0.263671875 0.06640625 0.28515625
2 0.861328125 0.12890625 0.00390625 0.0234375
2 0.439453125 0.125 0.08984375 0.25
2 0.341796875 0.435546875 0.08203125 0.25390625
2 0.46875 0.46875 0.09375 0.1328125
2 0.427734375 0.3046875 0.04296875 0.1328125
2 0.5390625 0.365234375 0.0703125 0.05078125
2 0.46484375 0.38671875 0.03125 0.0390625
2 0.091796875 0.943359375 0.04296875 0.03515625
2 0.158203125 0.97265625 0.02734375 0.03125
2 0.734375 0.3828125 0.0546875 0.078125
2 0.80859375 0.525390625 0.078125 0.10546875
2 0.439453125 0.638671875 0.02734375 0.11328125
2 0.576171875 0.4921875 0.05859375 0.15625
2 0.734375 0.611328125 0.0859375 0.12890625
2 0.79296875 0.724609375 0.0703125 0.10546875
2 0.8359375 0.630859375 0.125 0.09765625
2 0.61328125 0.681640625 0.15625 0.14453125
2 0.62890625 0.548828125 0.0546875 0.03515625
2 0.517578125 0.76953125 0.06640625 0.15625
2 0.666015625 0.93359375 0.08984375 0.03125
2 0.654296875 0.8203125 0.15234375 0.109375
2 0.880859375 0.919921875 0.03515625 0.03515625
2 0.892578125 0.783203125 0.06640625 0.12109375
2 0.8203125 0.83984375 0.0546875 0.0703125