0 0.41015625 0.455078125 0.140625 0.33203125
0 0.271484375 0.07421875 0.16796875 0.109375
0 0.296875 0.224609375 0.140625 0.12890625
0 0.59765625 0.283203125 0.078125 0.22265625
0 0.525390625 0.087890625 0.08984375 0.16796875
0 0.03515625 0.056640625 0.046875 0.06640625
0 0.123046875 0.23046875 0.09765625 0.0703125
0 0.015625 0.2890625 0.03125 0.0546875
0 0.1953125 0.400390625 0.1796875 0.19921875
0 0.056640625 0.44921875 0.04296875 0.046875
0 0.158203125 0.27734375 0.07421875 0.03125
0 0.1796875 0.60546875 0.171875 0.203125
0 0.029296875 0.607421875 0.03515625 0.05078125
0 0.07421875 0.802734375 0.0390625 0.03515625
0 0.17578125 0.814453125 0.125 0.20703125
0 0.26171875 0.79296875 0.0703125 0.09375
0 0.4609375 0.908203125 0.140625 0.18359375
0 0.357421875 0.720703125 0.03515625 0.03515625
0 0.390625 0.78125 0.0546875 0.03125
0 0.294921875 0.908203125 0.08203125 0.05078125
0 0.314453125 0.98046875 0.05859375 0.0390625
0 0.1328125 0.95703125 0.1953125 0.078125
0 0.486328125 0.212890625 0.14453125 0.07421875
0 0.533203125 0.47265625 0.03515625 0.03125
0 0.640625 0.482421875 0.078125 0.05859375
0 0.572265625 0.564453125 0.03515625 0.04296875
0 0.578125 0.703125 0.0390625 0.03125
0 0.728515625 0.8046875 0.10546875 0.375
0 0.64453125 0.861328125 0.0625 0.10546875
0 0.640625 0.974609375 0.0625 0.05078125
0 0.56640625 0.919921875 0.046875 0.04296875
0 0.306640625 0.341796875 0.03515625 0.10546875
0 0.630859375 0.56640625 0.04296875 0.046875