2 0.67578125 0.5 0.4296875 1
2 0.943359375 0.8046875 0.11328125 0.34375
2 0.259765625 0.203125 0.13671875 0.40625
2 0.373046875 0.134765625 0.05078125 0.13671875
2 0.119140625 0.1328125 0.12890625 0.265625
2 0.138671875 0.3359375 0.02734375 0.0546875
2 0.048828125 0.45703125 0.06640625 0.3671875
2 0.138671875 0.5390625 0.11328125 0.2421875
2 0.099609375 0.822265625 0.15234375 0.35546875
2 0.255859375 0.6171875 0.03515625 0.09375
2 0.39453125 0.671875 0.125 0.2578125
2 0.37109375 0.896484375 0.1640625 0.19140625
2 0.357421875 0.296875 0.03515625 0.0625
2 0.412109375 0.412109375 0.02734375 0.05859375