0 0.6484375 0.5234375 0.1328125 0.4140625
0 0.76171875 0.4921875 0.0625 0.0625
0 0.74609375 0.572265625 0.03125 0.03515625
0 0.7578125 0.67578125 0.0625 0.03125
0 0.556640625 0.712890625 0.03515625 0.03515625
0 0.412109375 0.75390625 0.07421875 0.046875
0 0.642578125 0.271484375 0.05078125 0.08984375
0 0.73046875 0.8671875 0.046875 0.0625
0 0.669921875 0.873046875 0.06640625 0.03515625
0 0.681640625 0.927734375 0.08984375 0.05859375
0 0.892578125 0.884765625 0.12890625 0.08984375
0 0.869140625 0.982421875 0.05078125 0.03515625
0 0.763671875 0.966796875 0.03515625 0.04296875
0 0.873046875 0.39453125 0.03515625 0.171875
0 0.955078125 0.396484375 0.05078125 0.05078125
0 0.95703125 0.494140625 0.0859375 0.11328125
0 0.5625 0.287109375 0.0234375 0.04296875
0 0.505859375 0.328125 0.05859375 0.0625
0 0.505859375 0.45703125 0.04296875 0.1640625
0 0.72265625 0.099609375 0.0546875 0.03515625
0 0.640625 0.15234375 0.109375 0.0703125
0 0.748046875 0.2734375 0.05078125 0.03125
0 0.8984375 0.064453125 0.203125 0.12890625
0 0.341796875 0.970703125 0.11328125 0.05859375
0 0.51953125 0.865234375 0.0390625 0.04296875
0 0.845703125 0.158203125 0.03515625 0.03515625
0 0.77734375 0.1796875 0.0390625 0.046875