2 0.822265625 0.162109375 0.17578125 0.32421875
2 0.673828125 0.216796875 0.05859375 0.23046875
2 0.59765625 0.189453125 0.0859375 0.37890625
2 0.474609375 0.078125 0.06640625 0.15625
2 0.3984375 0.09765625 0.03125 0.1953125
2 0.365234375 0.1875 0.06640625 0.234375
2 0.474609375 0.28515625 0.05859375 0.15625
2 0.53125 0.091796875 0.046875 0.18359375
2 0.73828125 0.294921875 0.046875 0.12890625
2 0.845703125 0.380859375 0.12109375 0.07421875
2 0.888671875 0.484375 0.06640625 0.15625
2 0.798828125 0.44921875 0.03515625 0.109375
2 0.658203125 0.388671875 0.04296875 0.11328125
2 0.294921875 0.22265625 0.01953125 0.1875
2 0.26953125 0.2734375 0.0234375 0.125
2 0.21484375 0.330078125 0.0546875 0.18359375
2 0.177734375 0.40625 0.02734375 0.109375
2 0.37109375 0.392578125 0.046875 0.22265625
2 0.3125 0.3359375 0.0234375 0.09375
2 0.296875 0.427734375 0.0078125 0.06640625
2 0.41796875 0.375 0.0234375 0.1875
2 0.533203125 0.32421875 0.05859375 0.296875
2 0.47265625 0.48046875 0.0546875 0.109375
2 0.7109375 0.46875 0.046875 0.125
2 0.791015625 0.513671875 0.06640625 0.09765625
2 0.8203125 0.603515625 0.046875 0.07421875
2 0.896484375 0.642578125 0.04296875 0.13671875
2 0.87890625 0.763671875 0.046875 0.07421875
2 0.853515625 0.861328125 0.07421875 0.11328125
2 0.83984375 0.953125 0.0859375 0.078125
2 0.548828125 0.521484375 0.07421875 0.13671875
2 0.6171875 0.578125 0.0703125 0.078125
2 0.72265625 0.6015625 0.0546875 0.0859375
2 0.78125 0.666015625 0.0625 0.08203125
2 0.814453125 0.77734375 0.04296875 0.0546875
2 0.775390625 0.734375 0.07421875 0.109375
2 0.341796875 0.4765625 0.05078125 0.1328125
2 0.224609375 0.486328125 0.05859375 0.06640625
2 0.193359375 0.52734375 0.03515625 0.09375
2 0.12109375 0.58203125 0.015625 0.125
2 0.1640625 0.658203125 0.0546875 0.16015625
2 0.271484375 0.58984375 0.06640625 0.1484375
2 0.3359375 0.5625 0.046875 0.078125
2 0.4296875 0.53515625 0.0390625 0.046875
2 0.4921875 0.623046875 0.0546875 0.18359375
2 0.541015625 0.638671875 0.05078125 0.12109375
2 0.607421875 0.658203125 0.06640625 0.11328125
2 0.703125 0.67578125 0.0703125 0.0546875
2 0.701171875 0.732421875 0.03515625 0.09765625
2 0.677734375 0.8125 0.03515625 0.09375
2 0.580078125 0.751953125 0.05859375 0.08984375
2 0.525390625 0.765625 0.03515625 0.125
2 0.404296875 0.623046875 0.04296875 0.10546875
2 0.337890625 0.626953125 0.03515625 0.05078125
2 0.29296875 0.68359375 0.0703125 0.0625
2 0.15625 0.783203125 0.0625 0.09765625
2 0.228515625 0.7890625 0.05078125 0.1328125
2 0.271484375 0.75390625 0.04296875 0.109375
2 0.3359375 0.74609375 0.0625 0.109375
2 0.408203125 0.70703125 0.02734375 0.0859375
2 0.455078125 0.734375 0.05078125 0.078125
2 0.419921875 0.80859375 0.04296875 0.1015625
2 0.712890625 0.85546875 0.04296875 0.0859375
2 0.087890625 0.919921875 0.05859375 0.16015625
2 0.177734375 0.91796875 0.07421875 0.1640625
2 0.265625 0.9453125 0.046875 0.109375
2 0.33203125 0.94921875 0.0234375 0.1015625
2 0.392578125 0.931640625 0.03515625 0.13671875
2 0.515625 0.9140625 0.03125 0.1171875
2 0.591796875 0.919921875 0.05078125 0.16015625
2 0.689453125 0.9609375 0.02734375 0.078125
2 0.658203125 0.89453125 0.03515625 0.046875
2 0.59765625 0.810546875 0.0625 0.02734375
2 0.291015625 0.83203125 0.04296875 0.046875
2 0.369140625 0.8671875 0.01953125 0.03125
2 0.6328125 0.470703125 0.015625 0.03515625
2 0.224609375 0.689453125 0.01953125 0.02734375
2 0.451171875 0.93359375 0.07421875 0.1015625
2 0.482421875 0.833984375 0.04296875 0.07421875
2 0.662109375 0.01953125 0.03515625 0.03125