2 0.646484375 0.130859375 0.63671875 0.26171875
2 0.078125 0.828125 0.1484375 0.34375
2 0.22265625 0.60546875 0.1484375 0.3046875
2 0.435546875 0.359375 0.39453125 0.2109375
2 0.697265625 0.41015625 0.12109375 0.296875
2 0.306640625 0.728515625 0.08203125 0.52734375
2 0.40625 0.7890625 0.09375 0.15625
2 0.45703125 0.515625 0.109375 0.140625
2 0.908203125 0.630859375 0.06640625 0.73828125
2 0.837890625 0.89453125 0.08203125 0.140625
2 0.60546875 0.806640625 0.0859375 0.22265625
2 0.83203125 0.51953125 0.09375 0.40625
2 0.71875 0.6171875 0.0625 0.1015625
2 0.4296875 0.951171875 0.046875 0.08984375
2 0.71875 0.806640625 0.0703125 0.06640625
2 0.568359375 0.54296875 0.05859375 0.15625
2 0.53515625 0.96875 0.09375 0.0625
2 0.697265625 0.923828125 0.08203125 0.15234375
2 0.48046875 0.6640625 0.0625 0.0703125
2 0.40625 0.611328125 0.0390625 0.05078125
2 0.2109375 0.87890625 0.1015625 0.2421875
2 0.369140625 0.51171875 0.05078125 0.109375
2 0.810546875 0.7578125 0.07421875 0.0703125