2 0.3722044728434505 0.352112676056338 0.1757188498402556 0.07511737089201878
2 0.4472843450479233 0.29107981220657275 0.19169329073482427 0.03755868544600939
2 0.829073482428115 0.5821596244131455 0.11182108626198083 0.06572769953051644
2 0.8913738019169329 0.42018779342723006 0.038338658146964855 0.09859154929577464
2 0.987220447284345 0.5657276995305164 0.025559105431309903 0.07042253521126761
2 0.5846645367412141 0.8333333333333334 0.14057507987220447 0.0892018779342723
2 0.6677316293929713 0.6901408450704225 0.06389776357827476 0.06572769953051644
2 0.15654952076677317 0.7723004694835681 0.15335463258785942 0.06103286384976526
2 0.18210862619808307 0.24647887323943662 0.07028753993610223 0.07981220657276995
2 0.3498402555910543 0.5774647887323944 0.07348242811501597 0.03755868544600939
2 0.43450479233226835 0.6032863849765259 0.038338658146964855 0.051643192488262914
2 0.7156549520766773 0.7816901408450704 0.07667731629392971 0.04225352112676056
2 0.6837060702875399 0.38497652582159625 0.019169329073482427 0.09389671361502347
2 0.8738019169329073 0.9225352112676056 0.02875399361022364 0.11737089201877934