0 0.39453125 0.43359375 0.09375 0.140625
0 0.123046875 0.85546875 0.09765625 0.2890625
0 0.626953125 0.91796875 0.10546875 0.15625
0 0.390625 0.779296875 0.1484375 0.07421875
0 0.546875 0.392578125 0.1796875 0.73828125
0 0.794921875 0.14453125 0.30859375 0.28125
0 0.701171875 0.462890625 0.10546875 0.31640625
0 0.7734375 0.5390625 0.0546875 0.078125
0 0.669921875 0.77734375 0.05078125 0.0859375
0 0.3671875 0.15234375 0.1796875 0.3046875
0 0.357421875 0.970703125 0.16015625 0.04296875
0 0.234375 0.984375 0.0390625 0.03125
0 0.294921875 0.8671875 0.04296875 0.046875