0 0.59765625 0.126953125 0.0546875 0.11328125
0 0.57421875 0.03125 0.03125 0.03125
0 0.599609375 0.294921875 0.03515625 0.04296875
0 0.4765625 0.12890625 0.140625 0.2578125
0 0.4296875 0.458984375 0.1484375 0.39453125
0 0.712890625 0.17578125 0.12109375 0.3515625
0 0.53125 0.384765625 0.046875 0.05078125
0 0.59375 0.431640625 0.046875 0.04296875
0 0.6171875 0.63671875 0.0859375 0.0703125
0 0.58984375 0.736328125 0.0390625 0.04296875
0 0.109375 0.076171875 0.0625 0.04296875
0 0.05859375 0.208984375 0.0390625 0.04296875
0 0.294921875 0.060546875 0.21484375 0.10546875
0 0.28125 0.193359375 0.2421875 0.12890625
0 0.302734375 0.359375 0.10546875 0.1953125
0 0.185546875 0.41015625 0.12109375 0.078125
0 0.0859375 0.5 0.109375 0.0859375
0 0.2421875 0.49609375 0.125 0.078125
0 0.099609375 0.716796875 0.19140625 0.23046875
0 0.064453125 0.912109375 0.12109375 0.16796875
0 0.287109375 0.623046875 0.12890625 0.16796875
0 0.41015625 0.712890625 0.1171875 0.09765625
0 0.3046875 0.87109375 0.265625 0.25
0 0.51171875 0.810546875 0.046875 0.02734375
0 0.439453125 0.91015625 0.04296875 0.0546875
0 0.525390625 0.9453125 0.08203125 0.0625
0 0.646484375 0.916015625 0.01953125 0.06640625
0 0.73046875 0.884765625 0.1171875 0.08203125