1 0.27734375 0.40625 0.0546875 0.0625
1 0.34765625 0.337890625 0.0234375 0.03515625
1 0.88671875 0.421875 0.140625 0.1796875
1 0.619140625 0.35546875 0.14453125 0.0625
1 0.486328125 0.337890625 0.06640625 0.06640625
1 0.35546875 0.5 0.078125 0.078125
1 0.2734375 0.45703125 0.0390625 0.046875
1 0.361328125 0.90625 0.30078125 0.1875
1 0.734375 0.87890625 0.4453125 0.234375
1 0.30859375 0.611328125 0.1796875 0.14453125
1 0.294921875 0.734375 0.08203125 0.0625
1 0.40234375 0.791015625 0.0390625 0.03515625
1 0.0625 0.5625 0.125 0.1328125
1 0.515625 0.421875 0.046875 0.0390625
1 0.421875 0.4296875 0.0703125 0.03125
1 0.521484375 0.634765625 0.08203125 0.24609375
1 0.619140625 0.4453125 0.06640625 0.109375