1 0.28515625 0.22083333333333333 0.1359375 0.1375
1 0.69609375 0.30833333333333335 0.3078125 0.075
1 0.77265625 0.475 0.4546875 0.20416666666666666
1 0.36484375 0.46145833333333336 0.2953125 0.12708333333333333
1 0.653125 0.653125 0.44375 0.14791666666666667
1 0.41171875 0.90625 0.8234375 0.1875
1 0.21875 0.7333333333333333 0.328125 0.15833333333333333
1 0.20234375 0.590625 0.2265625 0.13125
1 0.9140625 0.6864583333333333 0.075 0.10208333333333333
1 0.87890625 0.915625 0.0640625 0.03958333333333333
1 0.146875 0.19166666666666668 0.071875 0.029166666666666667
1 0.05859375 0.125 0.0453125 0.03333333333333333
1 0.06328125 0.22916666666666666 0.0484375 0.058333333333333334
1 0.065625 0.2916666666666667 0.06875 0.03333333333333333
1 0.02109375 0.18958333333333333 0.0390625 0.041666666666666664
1 0.4609375 0.28854166666666664 0.153125 0.10208333333333333
1 0.25078125 0.32916666666666666 0.0421875 0.0375