2 0.833984375 0.107421875 0.06640625 0.21484375
2 0.83984375 0.40234375 0.0703125 0.375
2 0.87109375 0.794921875 0.0625 0.41015625
2 0.77734375 0.775390625 0.0546875 0.08203125
2 0.107421875 0.19140625 0.05078125 0.3828125
2 0.181640625 0.443359375 0.08984375 0.12890625
2 0.25390625 0.7109375 0.0703125 0.1640625
2 0.265625 0.833984375 0.03125 0.03515625
2 0.27734375 0.94140625 0.03125 0.0234375
2 0.560546875 0.9453125 0.10546875 0.109375
2 0.439453125 0.78125 0.05859375 0.3203125
2 0.501953125 0.671875 0.05859375 0.234375
2 0.361328125 0.69140625 0.05078125 0.0390625
2 0.306640625 0.568359375 0.05859375 0.08984375
2 0.673828125 0.5546875 0.05859375 0.0390625
2 0.7578125 0.630859375 0.046875 0.02734375
2 0.708984375 0.66015625 0.03515625 0.0546875
2 0.703125 0.7578125 0.0390625 0.0390625
2 0.638671875 0.41796875 0.04296875 0.046875
2 0.69140625 0.2265625 0.046875 0.1875
2 0.755859375 0.126953125 0.05859375 0.17578125
2 0.57421875 0.310546875 0.046875 0.26953125
2 0.51953125 0.12109375 0.0546875 0.1953125
2 0.50390625 0.337890625 0.046875 0.20703125
2 0.45703125 0.177734375 0.03125 0.09765625
2 0.25390625 0.1015625 0.109375 0.1171875
2 0.216796875 0.267578125 0.07421875 0.21484375
2 0.43359375 0.396484375 0.0546875 0.27734375
2 0.375 0.375 0.0546875 0.140625
2 0.390625 0.5546875 0.0390625 0.140625
2 0.638671875 0.142578125 0.03515625 0.03515625
2 0.64453125 0.224609375 0.0234375 0.03515625
2 0.71484375 0.4921875 0.0390625 0.0390625
2 0.8125 0.90625 0.03125 0.0390625
2 0.36328125 0.822265625 0.0390625 0.03515625
2 0.318359375 0.3671875 0.04296875 0.0390625
2 0.64453125 0.021484375 0.0625 0.04296875
2 0.36328125 0.08203125 0.0234375 0.0859375
2 0.32421875 0.236328125 0.046875 0.05859375
2 0.1484375 0.208984375 0.0390625 0.12109375
2 0.150390625 0.857421875 0.04296875 0.06640625