2 0.8359375 0.5 0.1796875 1
2 0.716796875 0.513671875 0.05859375 0.10546875
2 0.5859375 0.814453125 0.0546875 0.09765625
2 0.55078125 0.68359375 0.09375 0.1875
2 0.703125 0.17578125 0.09375 0.3515625
2 0.40234375 0.265625 0.2109375 0.09375
2 0.474609375 0.111328125 0.27734375 0.22265625
2 0.41015625 0.56640625 0.046875 0.125
2 0.421875 0.78515625 0.03125 0.09375
2 0.376953125 0.88671875 0.05859375 0.09375
2 0.279296875 0.73828125 0.04296875 0.078125
2 0.1015625 0.796875 0.0625 0.0546875
2 0.05859375 0.953125 0.0390625 0.09375
2 0.3828125 0.392578125 0.375 0.15234375
2 0.244140625 0.505859375 0.21484375 0.06640625
2 0.140625 0.654296875 0.09375 0.23046875