0 0.447265625 0.41015625 0.18359375 0.8046875
0 0.357421875 0.86328125 0.12109375 0.2734375
0 0.12890625 0.833984375 0.0703125 0.04296875
0 0.21484375 0.62890625 0.0390625 0.0390625
0 0.341796875 0.70703125 0.02734375 0.0390625
0 0.1875 0.52734375 0.0390625 0.0390625
0 0.125 0.326171875 0.0546875 0.05859375
0 0.220703125 0.41796875 0.04296875 0.0390625
0 0.326171875 0.396484375 0.04296875 0.05859375
0 0.2734375 0.154296875 0.1015625 0.08203125
0 0.224609375 0.07421875 0.04296875 0.0546875
0 0.150390625 0.048828125 0.06640625 0.06640625
0 0.130859375 0.185546875 0.09765625 0.07421875
0 0.083984375 0.419921875 0.05859375 0.07421875