0 0.3515625 0.5234375 0.1640625 0.4296875
0 0.830078125 0.8125 0.07421875 0.046875
0 0.806640625 0.88671875 0.04296875 0.046875
0 0.80078125 0.9765625 0.0390625 0.0390625
0 0.6171875 0.79296875 0.0625 0.0390625
0 0.4609375 0.720703125 0.0390625 0.02734375
0 0.677734375 0.671875 0.05859375 0.03125
0 0.810546875 0.673828125 0.11328125 0.05078125
0 0.85546875 0.482421875 0.0625 0.04296875
0 0.75390625 0.509765625 0.078125 0.05078125
0 0.78125 0.380859375 0.0546875 0.04296875
0 0.66015625 0.40234375 0.0703125 0.046875
0 0.525390625 0.40234375 0.04296875 0.0390625
0 0.66015625 0.169921875 0.3203125 0.33984375
0 0.927734375 0.029296875 0.11328125 0.05859375
0 0.46875 0.134765625 0.0625 0.12109375
0 0.275390625 0.0625 0.06640625 0.0625
0 0.1953125 0.318359375 0.0546875 0.06640625
0 0.0625 0.3203125 0.09375 0.1171875
0 0.2109375 0.20703125 0.078125 0.0390625
0 0.3984375 0.255859375 0.0625 0.04296875
0 0.5078125 0.5703125 0.125 0.0859375
0 0.302734375 0.896484375 0.05859375 0.03515625
0 0.423828125 0.96875 0.08984375 0.046875
0 0.0625 0.771484375 0.0546875 0.05078125
0 0.724609375 0.888671875 0.04296875 0.05078125
0 0.888671875 0.56640625 0.05859375 0.0546875
0 0.9453125 0.275390625 0.0390625 0.04296875
0 0.458984375 0.4140625 0.04296875 0.171875
0 0.09375 0.642578125 0.046875 0.05078125
0 0.103515625 0.4296875 0.07421875 0.046875