1 0.830078125 0.0703125 0.08203125 0.0625
1 0.5703125 0.115234375 0.046875 0.05859375
1 0.44921875 0.048828125 0.0390625 0.06640625
1 0.291015625 0.111328125 0.08203125 0.06640625
1 0.30078125 0.24609375 0.1328125 0.1015625
1 0.21484375 0.41015625 0.09375 0.078125
1 0.40234375 0.373046875 0.046875 0.05078125
1 0.83984375 0.302734375 0.046875 0.04296875
1 0.904296875 0.326171875 0.05078125 0.06640625
1 0.9296875 0.71484375 0.125 0.3515625
1 0.55078125 0.876953125 0.0703125 0.08203125
1 0.771484375 0.943359375 0.27734375 0.11328125
1 0.287109375 0.58984375 0.07421875 0.0546875
1 0.34375 0.81640625 0.0703125 0.25
1 0.4453125 0.802734375 0.0703125 0.23046875
1 0.646484375 0.701171875 0.12890625 0.05078125
1 0.666015625 0.77734375 0.12890625 0.0625
1 0.044921875 0.59375 0.08984375 0.6875
1 0.205078125 0.658203125 0.04296875 0.23046875
1 0.15234375 0.88671875 0.1171875 0.1328125
1 0.12890625 0.70703125 0.0546875 0.1953125
1 0.421875 0.6328125 0.0625 0.0625