1 0.47265625 0.572265625 0.171875 0.17578125
1 0.38671875 0.193359375 0.1953125 0.19140625
1 0.4609375 0.0390625 0.2265625 0.078125
1 0.837890625 0.126953125 0.32421875 0.20703125
1 0.578125 0.1796875 0.203125 0.09375
1 0.400390625 0.384765625 0.25390625 0.19140625
1 0.322265625 0.83203125 0.61328125 0.3359375
1 0.802734375 0.732421875 0.34765625 0.53515625
1 0.787109375 0.345703125 0.42578125 0.23046875
1 0.2578125 0.142578125 0.0703125 0.27734375
1 0.2265625 0.568359375 0.3203125 0.18359375
1 0.13671875 0.30859375 0.046875 0.078125
1 0.21875 0.333984375 0.09375 0.10546875