1 0.5546875 0.119140625 0.59375 0.23828125
1 0.720703125 0.353515625 0.17578125 0.20703125
1 0.279296875 0.267578125 0.32421875 0.14453125
1 0.5625 0.423828125 0.15625 0.38671875
1 0.369140625 0.48828125 0.19140625 0.359375
1 0.126953125 0.61328125 0.25390625 0.2265625
1 0.896484375 0.72265625 0.20703125 0.171875
1 0.943359375 0.556640625 0.11328125 0.10546875
1 0.560546875 0.701171875 0.12890625 0.09765625
1 0.673828125 0.884765625 0.09765625 0.12109375
1 0.8984375 0.966796875 0.1484375 0.06640625
1 0.52734375 0.94140625 0.1640625 0.09375
1 0.44921875 0.76953125 0.1796875 0.140625
1 0.123046875 0.880859375 0.17578125 0.12109375
1 0.345703125 0.876953125 0.16015625 0.13671875
1 0.255859375 0.966796875 0.50390625 0.06640625