1 0.09444444444444444 0.10378787878787879 0.07407407407407407 0.11363636363636363
1 0.2916666666666667 0.12727272727272726 0.08148148148148149 0.08484848484848485
1 0.33240740740740743 0.2674242424242424 0.05925925925925926 0.11363636363636363
1 0.30277777777777776 0.38106060606060604 0.07407407407407407 0.06515151515151515
1 0.3199074074074074 0.5431818181818182 0.05462962962962963 0.18333333333333332
1 0.38564814814814813 0.46136363636363636 0.049074074074074076 0.15
1 0.4064814814814815 0.821969696969697 0.0962962962962963 0.32272727272727275
1 0.4976851851851852 0.6553030303030303 0.06944444444444445 0.2318181818181818
1 0.5898148148148148 0.2628787878787879 0.10740740740740741 0.3409090909090909
1 0.8337962962962963 0.051515151515151514 0.07685185185185185 0.08181818181818182
1 0.8 0.2590909090909091 0.05185185185185185 0.14545454545454545
1 0.8337962962962963 0.4393939393939394 0.07685185185185185 0.1303030303030303