2 0.873046875 0.205078125 0.25390625 0.41015625
2 0.1640625 0.107421875 0.0546875 0.21484375
2 0.228515625 0.064453125 0.03515625 0.05859375
2 0.3359375 0.208984375 0.0625 0.15234375
2 0.439453125 0.548828125 0.06640625 0.25390625
2 0.25390625 0.654296875 0.09375 0.15234375
2 0.630859375 0.150390625 0.10546875 0.30078125
2 0.564453125 0.611328125 0.07421875 0.19140625
2 0.62890625 0.779296875 0.0625 0.05078125
2 0.521484375 0.0625 0.12109375 0.125
2 0.376953125 0.3828125 0.05078125 0.03125
2 0.4921875 0.341796875 0.0625 0.05859375
2 0.470703125 0.21875 0.03515625 0.0390625
2 0.20703125 0.923828125 0.046875 0.04296875
2 0.380859375 0.986328125 0.04296875 0.02734375
2 0.599609375 0.41015625 0.10546875 0.2109375