0 0.443359375 0.431640625 0.16015625 0.76171875
0 0.646484375 0.34765625 0.08203125 0.1171875
0 0.736328125 0.46875 0.09765625 0.078125
0 0.654296875 0.822265625 0.08203125 0.13671875
0 0.751953125 0.927734375 0.08203125 0.13671875
0 0.03515625 0.890625 0.0703125 0.1015625
0 0.091796875 0.58203125 0.02734375 0.0859375
0 0.251953125 0.517578125 0.08203125 0.23046875
0 0.240234375 0.2265625 0.05859375 0.0625
0 0.83984375 0.11328125 0.1171875 0.2265625
0 0.080078125 0.349609375 0.13671875 0.26953125
0 0.021484375 0.58984375 0.03515625 0.171875
0 0.328125 0.390625 0.0546875 0.203125