1 0.12890625 0.34375 0.2578125 0.265625
1 0.81640625 0.07421875 0.3203125 0.140625
1 0.66796875 0.19140625 0.15625 0.09375
1 0.87109375 0.255859375 0.2421875 0.27734375
1 0.34375 0.248046875 0.046875 0.05859375
1 0.59765625 0.337890625 0.1796875 0.15234375
1 0.7109375 0.33203125 0.0390625 0.125
1 0.42578125 0.447265625 0.0703125 0.10546875
1 0.75 0.5234375 0.5 0.2734375
1 0.673828125 0.765625 0.28515625 0.1796875
1 0.912109375 0.775390625 0.16796875 0.25390625
1 0.685546875 0.93359375 0.20703125 0.1328125
1 0.5703125 0.78125 0.484375 0.046875
1 0.4609375 0.603515625 0.09375 0.12109375
1 0.353515625 0.521484375 0.13671875 0.08984375
1 0.923828125 0.95703125 0.15234375 0.0859375
1 0.173828125 0.54296875 0.20703125 0.15625
1 0.365234375 0.857421875 0.16015625 0.12109375
1 0.5078125 0.91796875 0.0859375 0.1171875
1 0.357421875 0.94921875 0.19140625 0.1015625