0 0.47265625 0.34375 0.2421875 0.2265625
0 0.41015625 0.541015625 0.171875 0.16796875
0 0.359375 0.673828125 0.1640625 0.08984375
0 0.322265625 0.775390625 0.12109375 0.11328125
0 0.896484375 0.201171875 0.08203125 0.11328125
0 0.8359375 0.435546875 0.0625 0.08203125
0 0.69140625 0.533203125 0.09375 0.05859375
0 0.619140625 0.470703125 0.05859375 0.02734375
0 0.517578125 0.509765625 0.03515625 0.03515625
0 0.88671875 0.6484375 0.1328125 0.21875
0 0.787109375 0.880859375 0.11328125 0.23828125
0 0.078125 0.447265625 0.0625 0.05078125
0 0.033203125 0.53125 0.04296875 0.046875
0 0.1015625 0.6015625 0.0546875 0.0390625
0 0.6796875 0.197265625 0.046875 0.05859375
0 0.61328125 0.642578125 0.0625 0.05078125
0 0.705078125 0.677734375 0.03515625 0.04296875
0 0.525390625 0.59765625 0.05859375 0.09375
0 0.4765625 0.71875 0.0625 0.0390625
0 0.263671875 0.93359375 0.09765625 0.1328125
0 0.787109375 0.5703125 0.05078125 0.03125
0 0.76171875 0.611328125 0.0546875 0.04296875
0 0.05859375 0.787109375 0.1171875 0.12109375
0 0.20703125 0.818359375 0.078125 0.06640625
0 0.04296875 0.16796875 0.0859375 0.15625
0 0.62109375 0.333984375 0.046875 0.03515625
0 0.697265625 0.828125 0.05859375 0.0546875
0 0.599609375 0.9375 0.07421875 0.0859375