2 0.6328125 0.314453125 0.734375 0.37109375
2 0.322265625 0.3046875 0.05078125 0.0078125
2 0.822265625 0.546875 0.35546875 0.1484375
2 0.818359375 0.76953125 0.35546875 0.2734375
2 0.638671875 0.693359375 0.07421875 0.05859375
2 0.6171875 0.759765625 0.15625 0.05859375
2 0.58984375 0.8046875 0.1640625 0.0703125
2 0.578125 0.8515625 0.109375 0.1015625
2 0.97265625 0.962890625 0.0546875 0.07421875
2 0.490234375 0.9296875 0.21484375 0.140625
2 0.39453125 0.568359375 0.5078125 0.16015625
2 0.359375 0.693359375 0.4921875 0.14453125
2 0.2890625 0.810546875 0.4609375 0.12109375
2 0.22265625 0.896484375 0.1484375 0.05859375
2 0.083984375 0.931640625 0.14453125 0.13671875
2 0.330078125 0.890625 0.05078125 0.1015625
2 0.3046875 0.9921875 0.03125 0.015625
2 0.7734375 0.9921875 0.0546875 0.015625
2 0.7578125 0.93359375 0.0390625 0.0078125
2 0.90625 0.9921875 0.0390625 0.015625