0 0.474609375 0.640625 0.37890625 0.71875
0 0.783203125 0.4375 0.11328125 0.296875
0 0.94921875 0.244140625 0.0859375 0.14453125
0 0.962890625 0.478515625 0.07421875 0.05078125
0 0.8046875 0.646484375 0.0703125 0.04296875
0 0.951171875 0.849609375 0.09765625 0.14453125
0 0.84765625 0.7578125 0.0390625 0.046875
0 0.765625 0.958984375 0.0625 0.07421875
0 0.767578125 0.154296875 0.11328125 0.16015625
0 0.578125 0.228515625 0.109375 0.10546875
0 0.69140625 0.3828125 0.03125 0.09375
0 0.900390625 0.36328125 0.10546875 0.0625
0 0.23046875 0.64453125 0.1171875 0.359375