2 0.44921875 0.044921875 0.109375 0.08984375
2 0.11328125 0.25390625 0.078125 0.5078125
2 0.216796875 0.47265625 0.08203125 0.3125
2 0.27734375 0.611328125 0.0546875 0.04296875
2 0.3671875 0.5390625 0.0859375 0.0625
2 0.49609375 0.46484375 0.0859375 0.0859375
2 0.80859375 0.447265625 0.0625 0.12109375
2 0.859375 0.240234375 0.078125 0.16015625
2 0.25 0.693359375 0.1171875 0.08203125
2 0.384765625 0.671875 0.06640625 0.125
2 0.28125 0.837890625 0.0625 0.07421875
2 0.21875 0.888671875 0.1015625 0.02734375
2 0.22265625 0.958984375 0.0703125 0.05859375
2 0.947265625 0.982421875 0.10546875 0.03515625
2 0.857421875 0.912109375 0.04296875 0.10546875
2 0.783203125 0.9453125 0.05859375 0.109375
2 0.533203125 0.908203125 0.06640625 0.06640625
2 0.435546875 0.87890625 0.05078125 0.09375
2 0.68359375 0.556640625 0.0703125 0.04296875
2 0.8671875 0.6484375 0.0390625 0.0546875
2 0.93359375 0.404296875 0.0859375 0.05859375
2 0.974609375 0.494140625 0.01953125 0.05078125
2 0.884765625 0.4921875 0.05859375 0.046875
2 0.673828125 0.46484375 0.04296875 0.0546875
2 0.38671875 0.14453125 0.0625 0.078125
2 0.1015625 0.771484375 0.046875 0.45703125