2 0.87890625 0.736328125 0.171875 0.52734375
2 0.916015625 0.23828125 0.07421875 0.4765625
2 0.787109375 0.166015625 0.07421875 0.33203125
2 0.560546875 0.1171875 0.36328125 0.234375
2 0.62890625 0.349609375 0.109375 0.23046875
2 0.390625 0.486328125 0.1640625 0.50390625
2 0.5234375 0.619140625 0.09375 0.19140625
2 0.72265625 0.53515625 0.03125 0.0625
2 0.626953125 0.599609375 0.03515625 0.11328125
2 0.7421875 0.693359375 0.0546875 0.08203125
2 0.337890625 0.76171875 0.23828125 0.0390625
2 0.349609375 0.96484375 0.25390625 0.0703125
2 0.494140625 0.86328125 0.07421875 0.1328125
2 0.671875 0.908203125 0.2421875 0.18359375
2 0.19921875 0.8125 0.046875 0.0546875