2 0.376953125 0.94140625 0.02734375 0.09375
2 0.27734375 0.92578125 0.046875 0.09375
2 0.2109375 0.705078125 0.09375 0.42578125
2 0.046875 0.77734375 0.09375 0.4453125
2 0.14453125 0.86328125 0.0390625 0.0390625
2 0.2109375 0.12890625 0.2421875 0.2578125
2 0.09765625 0.376953125 0.1015625 0.22265625
2 0.142578125 0.546875 0.04296875 0.109375
2 0.205078125 0.359375 0.04296875 0.046875
2 0.357421875 0.484375 0.14453125 0.3359375
2 0.21875 0.435546875 0.1171875 0.11328125
2 0.443359375 0.677734375 0.05078125 0.10546875
2 0.66796875 0.43359375 0.078125 0.1875
2 0.55859375 0.3828125 0.09375 0.203125
2 0.4453125 0.21484375 0.046875 0.34375
2 0.375 0.134765625 0.0859375 0.26953125
2 0.55078125 0.083984375 0.140625 0.16796875
2 0.685546875 0.041015625 0.13671875 0.08203125
2 0.904296875 0.5 0.19140625 1
2 0.72265625 0.80859375 0.171875 0.3828125
2 0.416015625 0.82421875 0.04296875 0.0390625
2 0.494140625 0.859375 0.04296875 0.0546875
2 0.580078125 0.818359375 0.11328125 0.22265625
2 0.76171875 0.4453125 0.09375 0.2265625
2 0.685546875 0.568359375 0.05859375 0.06640625