2 0.1953125 0.08203125 0.1640625 0.1640625
2 0.326171875 0.017578125 0.06640625 0.03515625
2 0.0546875 0.4921875 0.0625 0.1171875
2 0.09765625 0.765625 0.1953125 0.3671875
2 0.724609375 0.37109375 0.54296875 0.2109375
2 0.748046875 0.130859375 0.50390625 0.26171875
2 0.38671875 0.583984375 0.1171875 0.14453125
2 0.712890625 0.5703125 0.45703125 0.1796875
2 0.4296875 0.865234375 0.359375 0.26953125
2 0.23046875 0.91796875 0.0390625 0.1640625
2 0.466796875 0.693359375 0.26953125 0.07421875
2 0.041015625 0.2734375 0.08203125 0.125