0 0.67578125 0.498046875 0.1328125 0.46484375
0 0.826171875 0.529296875 0.09765625 0.08203125
0 0.908203125 0.541015625 0.06640625 0.40234375
0 0.56640625 0.46484375 0.046875 0.1640625
0 0.478515625 0.318359375 0.05078125 0.09765625
0 0.458984375 0.5390625 0.06640625 0.1953125
0 0.537109375 0.6328125 0.05859375 0.0625
0 0.30078125 0.890625 0.0703125 0.1875
0 0.330078125 0.095703125 0.05859375 0.07421875
0 0.212890625 0.408203125 0.20703125 0.10546875
0 0.060546875 0.6796875 0.08203125 0.640625
0 0.146484375 0.1796875 0.17578125 0.359375
0 0.16015625 0.728515625 0.1171875 0.54296875
0 0.68359375 0.130859375 0.1015625 0.26171875
0 0.369140625 0.296875 0.03515625 0.0703125
0 0.3203125 0.208984375 0.109375 0.09765625
0 0.513671875 0.029296875 0.18359375 0.05859375
0 0.89453125 0.953125 0.0546875 0.0625
0 0.873046875 0.845703125 0.03515625 0.03515625
0 0.859375 0.228515625 0.0703125 0.22265625
0 0.80859375 0.056640625 0.0703125 0.11328125
0 0.9453125 0.87109375 0.046875 0.2578125
0 0.359375 0.677734375 0.0625 0.05859375
0 0.705078125 0.78125 0.09765625 0.0859375
0 0.775390625 0.701171875 0.03515625 0.05078125