2 0.904296875 0.830078125 0.12890625 0.08984375
2 0.94140625 0.9375 0.0859375 0.125
2 0.279296875 0.234375 0.20703125 0.46875
2 0.224609375 0.732421875 0.32421875 0.53515625
2 0.017578125 0.958984375 0.03515625 0.08203125
2 0.154296875 0.423828125 0.05078125 0.08203125
2 0.5 0.5 0.1328125 1
2 0.59765625 0.43359375 0.0703125 0.328125
2 0.74609375 0.9296875 0.0390625 0.140625
2 0.626953125 0.841796875 0.12109375 0.13671875
2 0.595703125 0.6875 0.05078125 0.1796875
2 0.669921875 0.53515625 0.05078125 0.0625
2 0.91015625 0.6796875 0.0703125 0.1953125