0 0.126953125 0.255859375 0.14453125 0.40234375
0 0.689453125 0.271484375 0.12890625 0.11328125
0 0.96875 0.123046875 0.0625 0.21484375
0 0.88671875 0.427734375 0.171875 0.22265625
0 0.640625 0.609375 0.1015625 0.328125
0 0.85546875 0.8046875 0.2734375 0.3125
0 0.359375 0.9375 0.59375 0.109375
0 0.33203125 0.552734375 0.2109375 0.55859375
0 0.10546875 0.611328125 0.171875 0.23046875
0 0.2109375 0.677734375 0.03125 0.38671875
0 0.337890625 0.12109375 0.05078125 0.2421875
0 0.431640625 0.1171875 0.06640625 0.078125
0 0.486328125 0.373046875 0.07421875 0.09765625
0 0.01953125 0.328125 0.03125 0.125
0 0.109375 0.01171875 0.1328125 0.0234375
0 0.869140625 0.154296875 0.12890625 0.08203125