2 0.8203125 0.451171875 0.1484375 0.48046875
2 0.115234375 0.4140625 0.08203125 0.5859375
2 0.408203125 0.6953125 0.12109375 0.234375
2 0.603515625 0.658203125 0.09765625 0.22265625
2 0.5546875 0.435546875 0.09375 0.16796875
2 0.466796875 0.525390625 0.05859375 0.08984375
2 0.671875 0.1328125 0.03125 0.1015625
2 0.3984375 0.171875 0.09375 0.1640625
2 0.193359375 0.33203125 0.08984375 0.1875
2 0.234375 0.52734375 0.046875 0.1171875
2 0.25390625 0.029296875 0.03125 0.05859375
2 0.517578125 0.060546875 0.08984375 0.11328125
2 0.693359375 0.046875 0.08203125 0.0625
2 0.48046875 0.94140625 0.1171875 0.109375
2 0.240234375 0.69921875 0.06640625 0.0546875
2 0.2890625 0.7421875 0.046875 0.0390625