0 0.630859375 0.462890625 0.12109375 0.75390625
0 0.775390625 0.080078125 0.06640625 0.07421875
0 0.787109375 0.8046875 0.12890625 0.2265625
0 0.79296875 0.57421875 0.1328125 0.203125
0 0.71875 0.123046875 0.0546875 0.24609375
0 0.298828125 0.048828125 0.11328125 0.09765625
0 0.291015625 0.25390625 0.05859375 0.0390625
0 0.26953125 0.36328125 0.15625 0.03125
0 0.3828125 0.3125 0.0703125 0.4375
0 0.283203125 0.673828125 0.10546875 0.05859375
0 0.39453125 0.779296875 0.171875 0.08203125
0 0.501953125 0.927734375 0.08203125 0.13671875
0 0.1953125 0.791015625 0.09375 0.37890625
0 0.263671875 0.912109375 0.04296875 0.08203125
0 0.138671875 0.294921875 0.04296875 0.05078125
0 0.275390625 0.46875 0.09765625 0.0546875
0 0.54296875 0.142578125 0.0390625 0.24609375