0 0.646484375 0.138671875 0.27734375 0.27734375
0 0.447265625 0.384765625 0.18359375 0.20703125
0 0.357421875 0.57421875 0.15234375 0.1640625
0 0.89453125 0.10546875 0.2109375 0.203125
0 0.89453125 0.404296875 0.078125 0.25390625
0 0.8203125 0.28125 0.0703125 0.140625
0 0.734375 0.37109375 0.09375 0.1796875
0 0.62890625 0.376953125 0.109375 0.18359375
0 0.6640625 0.5546875 0.234375 0.1796875
0 0.498046875 0.62890625 0.08203125 0.28125
0 0.60546875 0.705078125 0.1171875 0.12109375
0 0.392578125 0.716796875 0.10546875 0.10546875
0 0.42578125 0.818359375 0.203125 0.08984375
0 0.1953125 0.826171875 0.125 0.14453125
0 0.35546875 0.931640625 0.203125 0.12890625
0 0.146484375 0.947265625 0.20703125 0.09765625