1 0.896484375 0.892578125 0.07421875 0.07421875
1 0.8125 0.775390625 0.0625 0.05859375
1 0.921875 0.673828125 0.15625 0.26171875
1 0.208984375 0.908203125 0.34765625 0.17578125
1 0.6328125 0.658203125 0.078125 0.08203125
1 0.55078125 0.38671875 0.078125 0.0703125
1 0.759765625 0.576171875 0.06640625 0.07421875
1 0.2265625 0.515625 0.4375 0.546875
1 0.677734375 0.107421875 0.06640625 0.08203125
1 0.158203125 0.083984375 0.22265625 0.16796875
1 0.625 0.53515625 0.125 0.109375
1 0.65625 0.923828125 0.1328125 0.14453125
1 0.49609375 0.966796875 0.0859375 0.06640625
1 0.890625 0.4375 0.1328125 0.109375
1 0.53125 0.2421875 0.1484375 0.1328125
1 0.76171875 0.34375 0.0703125 0.046875
1 0.650390625 0.37890625 0.06640625 0.0703125
1 0.546875 0.087890625 0.0859375 0.06640625
1 0.8046875 0.951171875 0.0703125 0.06640625
1 0.5390625 0.65625 0.1171875 0.390625