0 0.703125 0.09765625 0.109375 0.1953125
0 0.775390625 0.3828125 0.15234375 0.3671875
0 0.78125 0.7734375 0.0859375 0.078125
0 0.66015625 0.75390625 0.1328125 0.390625
0 0.3984375 0.7578125 0.1953125 0.4765625
0 0.59375 0.369140625 0.1484375 0.34765625
0 0.548828125 0.640625 0.08203125 0.1953125
0 0.875 0.859375 0.0390625 0.0625
0 0.7578125 0.9375 0.0625 0.078125
0 0.9140625 0.958984375 0.046875 0.06640625
0 0.2421875 0.94921875 0.109375 0.078125
0 0.873046875 0.115234375 0.10546875 0.08984375
0 0.939453125 0.041015625 0.06640625 0.06640625
0 0.91015625 0.416015625 0.0703125 0.13671875
0 0.435546875 0.337890625 0.16015625 0.33984375
0 0.224609375 0.791015625 0.13671875 0.20703125
0 0.83203125 0.658203125 0.1640625 0.14453125