0 0.765625 0.796875 0.1015625 0.109375
0 0.8203125 0.64453125 0.0859375 0.0703125
0 0.892578125 0.5625 0.13671875 0.0859375
0 0.771484375 0.529296875 0.08984375 0.06640625
0 0.63671875 0.8203125 0.1171875 0.140625
0 0.177734375 0.541015625 0.35546875 0.49609375
0 0.4453125 0.142578125 0.4375 0.28515625
0 0.404296875 0.53515625 0.08203125 0.5078125
0 0.216796875 0.896484375 0.42578125 0.20703125
0 0.755859375 0.140625 0.18359375 0.28125
0 0.966796875 0.0546875 0.06640625 0.109375
0 0.966796875 0.1953125 0.06640625 0.0546875
0 0.89453125 0.302734375 0.109375 0.06640625
0 0.630859375 0.326171875 0.37890625 0.08984375
0 0.771484375 0.408203125 0.03515625 0.04296875
0 0.66015625 0.4140625 0.0546875 0.0546875
0 0.646484375 0.50390625 0.07421875 0.0546875
0 0.548828125 0.509765625 0.08203125 0.05078125
0 0.55859375 0.59375 0.046875 0.0390625
0 0.55078125 0.6875 0.046875 0.0390625
0 0.98046875 0.404296875 0.0390625 0.07421875