2 0.8125 0.466796875 0.28125 0.93359375
2 0.03515625 0.146484375 0.0703125 0.08984375
2 0.177734375 0.046875 0.16796875 0.09375
2 0.1171875 0.134765625 0.046875 0.05859375
2 0.126953125 0.203125 0.05078125 0.0546875
2 0.224609375 0.26171875 0.06640625 0.328125
2 0.244140625 0.515625 0.05078125 0.1796875
2 0.140625 0.583984375 0.140625 0.18359375
2 0.228515625 0.73046875 0.05078125 0.09375
2 0.13671875 0.75 0.1015625 0.1171875
2 0.49609375 0.5 0.34375 1
2 0.28515625 0.79296875 0.0546875 0.1171875
2 0.1171875 0.888671875 0.078125 0.09765625
2 0.189453125 0.837890625 0.03515625 0.04296875