2 0.5245454545454545 0.0423728813559322 0.9509090909090909 0.0847457627118644
2 0.06727272727272728 0.17554479418886199 0.13454545454545455 0.08958837772397095
2 0.10363636363636364 0.09443099273607748 0.20727272727272728 0.07263922518159806
2 0.3927272727272727 0.13196125907990314 0.22545454545454546 0.08958837772397095
2 0.2109090909090909 0.17796610169491525 0.16727272727272727 0.06537530266343826
2 0.39090909090909093 0.20217917675544794 0.39636363636363636 0.10411622276029056
2 0.6254545454545455 0.1271186440677966 0.16363636363636364 0.05084745762711865
2 0.09636363636363636 0.2857142857142857 0.19272727272727272 0.07263922518159806
2 0.011818181818181818 0.36319612590799033 0.023636363636363636 0.053268765133171914
2 0.09909090909090909 0.3619854721549637 0.12545454545454546 0.05084745762711865
2 0.17181818181818181 0.3910411622276029 0.17636363636363636 0.05084745762711865
2 0.3618181818181818 0.29539951573849876 0.08 0.09685230024213075
2 0.7 0.24939467312348668 0.6 0.10653753026634383
2 0.6136363636363636 0.3026634382566586 0.11818181818181818 0.05811138014527845
2 0.8536363636363636 0.12590799031476999 0.2927272727272727 0.15012106537530268
2 0.7072727272727273 0.3268765133171913 0.04363636363636364 0.0387409200968523
2 0.9081818181818182 0.3583535108958838 0.18363636363636363 0.11138014527845036
2 0.6072727272727273 0.42009685230024213 0.2690909090909091 0.11864406779661017
2 0.22363636363636363 0.4891041162227603 0.44727272727272727 0.10653753026634383
2 0.15545454545454546 0.5750605326876513 0.3109090909090909 0.11380145278450363
2 0.3618181818181818 0.5738498789346247 0.05090909090909091 0.029055690072639227
2 0.22 0.7046004842615012 0.17454545454545456 0.06295399515738499
2 0.17181818181818181 0.8002421307506054 0.34363636363636363 0.11864406779661017
2 0.015454545454545455 0.7070217917675545 0.03090909090909091 0.0387409200968523
2 0.08 0.9709443099273608 0.16 0.048426150121065374
2 0.22363636363636363 0.8922518159806295 0.13818181818181818 0.08958837772397095
2 0.3972727272727273 0.8523002421307506 0.21636363636363637 0.09200968523002422
2 0.44272727272727275 0.7130750605326877 0.19454545454545455 0.04600484261501211
2 0.6763636363636364 0.6476997578692494 0.6472727272727272 0.08958837772397095
2 0.7063636363636364 0.5096852300242131 0.5436363636363636 0.09927360774818401
2 0.7454545454545455 0.5823244552058111 0.3236363636363636 0.08958837772397095
2 0.8363636363636363 0.7324455205811138 0.32727272727272727 0.13317191283292978
2 0.8554545454545455 0.8171912832929782 0.28909090909090907 0.07506053268765134
2 0.5790909090909091 0.7651331719128329 0.2018181818181818 0.10653753026634383
2 0.49272727272727274 0.8861985472154964 0.26545454545454544 0.0774818401937046
2 0.5945454545454546 0.8716707021791767 0.09454545454545454 0.06295399515738499
2 0.8272727272727273 0.940677966101695 0.3090909090909091 0.09443099273607748
2 0.64 0.9612590799031477 0.11272727272727273 0.0774818401937046
2 0.9609090909090909 0.8958837772397095 0.07818181818181819 0.1162227602905569
2 0.8681818181818182 0.45641646489104115 0.2636363636363636 0.09443099273607748
2 0.9718181818181818 0.5387409200968523 0.056363636363636366 0.10411622276029056
2 0.43454545454545457 0.38861985472154964 0.02909090909090909 0.04116222760290557