2 0.888671875 0.822265625 0.04296875 0.09765625
2 0.953125 0.923828125 0.09375 0.15234375
2 0.19921875 0.228515625 0.265625 0.45703125
2 0.646484375 0.08984375 0.09765625 0.15625
2 0.513671875 0.21484375 0.05078125 0.1171875
2 0.12109375 0.791015625 0.1484375 0.41796875
2 0.923828125 0.5390625 0.05078125 0.0625
2 0.4609375 0.421875 0.1015625 0.25
2 0.70703125 0.35546875 0.046875 0.0546875
2 0.556640625 0.474609375 0.09765625 0.27734375
2 0.298828125 0.693359375 0.12109375 0.25390625
2 0.314453125 0.51171875 0.07421875 0.09375
2 0.435546875 0.87890625 0.10546875 0.2421875
2 0.353515625 0.982421875 0.03515625 0.03515625
2 0.642578125 0.734375 0.10546875 0.28125
2 0.58984375 0.9765625 0.0390625 0.046875