2 0.646484375 0.65625 0.53515625 0.6875
2 0.86328125 0.15625 0.109375 0.3125
2 0.083984375 0.830078125 0.16796875 0.33984375
2 0.27734375 0.724609375 0.2421875 0.55078125
2 0.041015625 0.580078125 0.07421875 0.17578125
2 0.1328125 0.560546875 0.03125 0.05859375
2 0.259765625 0.228515625 0.24609375 0.44140625
2 0.443359375 0.162109375 0.11328125 0.32421875
2 0.537109375 0.119140625 0.05859375 0.23828125
2 0.751953125 0.267578125 0.06640625 0.07421875
2 0.671875 0.185546875 0.0546875 0.19140625
2 0.771484375 0.048828125 0.10546875 0.08984375
2 0.572265625 0.029296875 0.05859375 0.05859375
2 0.642578125 0.0546875 0.03515625 0.015625
2 0.09375 0.458984375 0.046875 0.04296875
2 0.025390625 0.26953125 0.04296875 0.25
2 0.0859375 0.375 0.0546875 0.0546875
2 0.125 0.177734375 0.03125 0.35546875
2 0.064453125 0.02734375 0.03515625 0.0546875
2 0.103515625 0.2265625 0.01953125 0.0546875
2 0.080078125 0.171875 0.00390625 0.0390625
2 0.158203125 0.642578125 0.05078125 0.05859375
2 0.603515625 0.28515625 0.03515625 0.0625
2 0.689453125 0.041015625 0.01953125 0.04296875