2 0.705078125 0.369140625 0.18359375 0.16796875
2 0.732421875 0.541015625 0.07421875 0.10546875
2 0.720703125 0.71484375 0.07421875 0.109375
2 0.72265625 0.865234375 0.03125 0.10546875
2 0.86328125 0.240234375 0.21875 0.47265625
2 0.8984375 0.6171875 0.1328125 0.328125
2 0.845703125 0.9609375 0.10546875 0.078125
2 0.837890625 0.845703125 0.05078125 0.10546875
2 0.33984375 0.625 0.4296875 0.75
2 0.08984375 0.314453125 0.1796875 0.62890625
2 0.4921875 0.029296875 0.1796875 0.05859375
2 0.48046875 0.1484375 0.1171875 0.09375
2 0.373046875 0.236328125 0.12109375 0.12890625
2 0.345703125 0.072265625 0.12109375 0.13671875
2 0.705078125 0.11328125 0.04296875 0.0546875
2 0.587890625 0.125 0.09765625 0.1015625
2 0.626953125 0.5703125 0.04296875 0.09375
2 0.771484375 0.728515625 0.05078125 0.07421875
2 0.642578125 0.7890625 0.05859375 0.0703125
2 0.609375 0.939453125 0.046875 0.12109375
2 0.560546875 0.625 0.09765625 0.140625