2 0.40975103734439833 0.6812169312169312 0.12240663900414937 0.05555555555555555
2 0.5632780082987552 0.832010582010582 0.08921161825726141 0.06084656084656084
2 0.6535269709543569 0.7182539682539683 0.07468879668049792 0.04497354497354497
2 0.19294605809128632 0.828042328042328 0.1825726141078838 0.06349206349206349
2 0.12344398340248963 0.7407407407407407 0.24688796680497926 0.1164021164021164
2 0.29045643153526973 0.701058201058201 0.07468879668049792 0.037037037037037035
2 0.5197095435684648 0.9338624338624338 0.9522821576763485 0.13227513227513227
2 0.8692946058091287 0.8201058201058201 0.26141078838174275 0.09523809523809523
2 0.9242738589211619 0.7288359788359788 0.15145228215767634 0.09788359788359788
2 0.5923236514522822 0.6468253968253969 0.22199170124481327 0.03439153439153439
2 0.8609958506224067 0.582010582010582 0.27800829875518673 0.15343915343915343
2 0.11929460580912864 0.6283068783068783 0.14315352697095435 0.05026455026455026
2 0.2925311203319502 0.503968253968254 0.38589211618257263 0.1402116402116402
2 0.3724066390041494 0.593915343915344 0.14315352697095435 0.05555555555555555
2 0.5186721991701245 0.533068783068783 0.04979253112033195 0.06084656084656084
2 0.6649377593360996 0.5648148148148148 0.11410788381742738 0.06084656084656084
2 0.5 0.2156084656084656 1 0.4312169312169312
2 0.6950207468879668 0.4708994708994709 0.16182572614107885 0.06878306878306878
2 0.8952282157676349 0.4722222222222222 0.2095435684647303 0.0873015873015873
2 0.6607883817427386 0.8465608465608465 0.0975103734439834 0.037037037037037035