1 0.9435483870967742 0.15921787709497207 0.11290322580645161 0.24022346368715083
1 0.8919354838709678 0.6089385474860335 0.2161290322580645 0.7821229050279329
1 0.7080645161290322 0.21787709497206703 0.19032258064516128 0.2681564245810056
1 0.7161290322580646 0.7318435754189944 0.17419354838709677 0.5363128491620112
1 0.5612903225806452 0.8687150837988827 0.17419354838709677 0.26256983240223464
1 0.47258064516129034 0.5307262569832403 0.3064516129032258 0.4022346368715084
1 0.4612903225806452 0.16201117318435754 0.2967741935483871 0.3240223463687151
1 0.1629032258064516 0.329608938547486 0.3064516129032258 0.659217877094972
1 0.03387096774193549 0.7122905027932961 0.06774193548387097 0.09497206703910614
1 0.23387096774193547 0.8128491620111732 0.06774193548387097 0.12849162011173185
1 0.025806451612903226 0.9301675977653632 0.05161290322580645 0.061452513966480445