2 0.0703125 0.50390625 0.140625 0.984375
2 0.201171875 0.916015625 0.06640625 0.16796875
2 0.294921875 0.92578125 0.05859375 0.1484375
2 0.427734375 0.5 0.12890625 1
2 0.24609375 0.40234375 0.1171875 0.8046875
2 0.345703125 0.08984375 0.11328125 0.1796875
2 0.923828125 0.47265625 0.12890625 0.9453125
2 0.736328125 0.318359375 0.05859375 0.27734375
2 0.666015625 0.55859375 0.08203125 0.484375
2 0.58203125 0.748046875 0.0703125 0.11328125
2 0.53125 0.158203125 0.15625 0.31640625
2 0.50390625 0.44140625 0.0625 0.2578125
2 0.6875 0.9609375 0.0859375 0.078125
2 0.833984375 0.58984375 0.06640625 0.0859375
2 0.66796875 0.09375 0.0625 0.1875
2 0.818359375 0.703125 0.04296875 0.0390625