2 0.109375 0.08203125 0.0859375 0.1640625
2 0.0390625 0.111328125 0.0546875 0.21484375
2 0.181640625 0.064453125 0.08984375 0.12890625
2 0.373046875 0.0625 0.12890625 0.125
2 0.302734375 0.181640625 0.08203125 0.05078125
2 0.064453125 0.271484375 0.12890625 0.07421875
2 0.515625 0.123046875 0.125 0.24609375
2 0.58984375 0.171875 0.0390625 0.0546875
2 0.794921875 0.080078125 0.16015625 0.16015625
2 0.71875 0.189453125 0.0390625 0.10546875
2 0.677734375 0.236328125 0.04296875 0.20703125
2 0.806640625 0.32421875 0.14453125 0.09375
2 0.830078125 0.22265625 0.11328125 0.109375
2 0.412109375 0.193359375 0.06640625 0.08203125
2 0.400390625 0.26171875 0.08203125 0.0546875
2 0.189453125 0.30078125 0.09765625 0.0546875
2 0.033203125 0.44140625 0.06640625 0.265625
2 0.16796875 0.41796875 0.0625 0.0703125
2 0.380859375 0.388671875 0.09765625 0.19140625
2 0.515625 0.375 0.125 0.28125
2 0.62890625 0.373046875 0.0546875 0.09765625
2 0.66015625 0.4609375 0.171875 0.1328125
2 0.814453125 0.44921875 0.07421875 0.2265625
2 0.11328125 0.5078125 0.03125 0.0703125
2 0.220703125 0.552734375 0.12890625 0.12109375
2 0.294921875 0.41796875 0.05859375 0.0625
2 0.3515625 0.546875 0.125 0.1640625
2 0.501953125 0.5859375 0.13671875 0.1484375
2 0.7109375 0.611328125 0.21875 0.20703125
2 0.0859375 0.767578125 0.171875 0.36328125
2 0.189453125 0.7265625 0.07421875 0.203125
2 0.3359375 0.826171875 0.1171875 0.13671875
2 0.326171875 0.69140625 0.16015625 0.15625
2 0.712890625 0.76171875 0.15234375 0.1171875
2 0.482421875 0.7578125 0.16796875 0.234375
2 0.697265625 0.85546875 0.12109375 0.0859375
2 0.3046875 0.951171875 0.171875 0.09765625
2 0.4765625 0.93359375 0.15625 0.1328125
2 0.666015625 0.951171875 0.14453125 0.09765625
2 0.154296875 0.990234375 0.03515625 0.01953125
2 0.669921875 0.0546875 0.01953125 0.0390625