2 0.5520833333333334 0.38365243004418265 0.05324074074074074 0.0662739322533137
2 0.47337962962962965 0.7555228276877761 0.2199074074074074 0.17083946980854198
2 0.6215277777777778 0.41310751104565535 0.19675925925925927 0.47569955817378495
2 0.8900462962962963 0.27393225331369664 0.09027777777777778 0.044182621502209134
2 0.7615740740740741 0.3873343151693667 0.14351851851851852 0.050073637702503684
2 0.3854166666666667 0.46023564064801176 0.11342592592592593 0.101620029455081
2 0.75 0.2606774668630339 0.1574074074074074 0.12371134020618557
2 0.4652777777777778 0.585419734904271 0.05092592592592592 0.15758468335787923
2 0.6018518518518519 0.14506627393225333 0.1712962962962963 0.1251840942562592
2 0.7534722222222222 0.09425625920471281 0.04398148148148148 0.035346097201767304
2 0.7905092592592593 0.18409425625920472 0.08564814814814815 0.023564064801178203
2 0.07407407407407407 0.6377025036818851 0.10648148148148148 0.10309278350515463
2 0.14467592592592593 0.7680412371134021 0.12731481481481483 0.0898379970544919
2 0.8067129629629629 0.927098674521355 0.19675925925925927 0.054491899852724596
2 0.8472222222222222 0.4270986745213549 0.06944444444444445 0.11192930780559647
2 0.39814814814814814 0.3225331369661267 0.1574074074074074 0.08541973490427099
2 0.7719907407407407 0.1332842415316642 0.09953703703703703 0.039764359351988215