0 0.72265625 0.56640625 0.1953125 0.828125
0 0.541015625 0.615234375 0.02734375 0.05078125
0 0.609375 0.87109375 0.0390625 0.2421875
0 0.509765625 0.4140625 0.07421875 0.0703125
0 0.5 0.294921875 0.0859375 0.08203125
0 0.603515625 0.439453125 0.05078125 0.16015625
0 0.49609375 0.099609375 0.1875 0.19140625
0 0.673828125 0.072265625 0.13671875 0.14453125
0 0.865234375 0.671875 0.05859375 0.109375
0 0.845703125 0.359375 0.04296875 0.4140625
0 0.966796875 0.7109375 0.06640625 0.0703125
0 0.185546875 0.50390625 0.36328125 0.96875
0 0.41015625 0.775390625 0.078125 0.23046875
0 0.9375 0.302734375 0.1015625 0.26171875