2 0.0546875 0.904296875 0.109375 0.19140625
2 0.236328125 0.8984375 0.22265625 0.203125
2 0.5390625 0.685546875 0.1640625 0.62890625
2 0.40625 0.708984375 0.140625 0.58203125
2 0.26953125 0.650390625 0.140625 0.20703125
2 0.392578125 0.265625 0.16796875 0.328125
2 0.7734375 0.09765625 0.40625 0.1953125
2 0.18359375 0.09765625 0.1796875 0.1953125
2 0.16015625 0.390625 0.140625 0.2109375
2 0.01953125 0.248046875 0.0390625 0.49609375
2 0.7109375 0.767578125 0.3125 0.46484375
2 0.744140625 0.404296875 0.33203125 0.30859375