2 0.6015625 0.630859375 0.078125 0.24609375
2 0.263671875 0.267578125 0.31640625 0.53515625
2 0.505859375 0.240234375 0.08203125 0.15234375
2 0.310546875 0.689453125 0.05078125 0.05078125
2 0.384765625 0.646484375 0.04296875 0.03515625
2 0.45703125 0.80859375 0.03125 0.03125
2 0.125 0.65625 0.125 0.25
2 0.107421875 0.853515625 0.08203125 0.14453125
2 0.8203125 0.271484375 0.359375 0.54296875
2 0.802734375 0.8671875 0.06640625 0.078125
2 0.859375 0.662109375 0.28125 0.22265625
2 0.92578125 0.8046875 0.0546875 0.0625
2 0.552734375 0.3828125 0.08203125 0.109375
2 0.59375 0.23046875 0.0859375 0.1953125