2 0.08203125 0.064453125 0.0546875 0.12890625
2 0.09765625 0.20703125 0.046875 0.125
2 0.228515625 0.384765625 0.06640625 0.14453125
2 0.07421875 0.5 0.0625 0.125
2 0.474609375 0.146484375 0.05859375 0.11328125
2 0.576171875 0.12109375 0.07421875 0.1328125
2 0.671875 0.158203125 0.0625 0.13671875
2 0.84375 0.220703125 0.0703125 0.15234375
2 0.75390625 0.41796875 0.0625 0.15625
2 0.927734375 0.298828125 0.09765625 0.59765625
2 0.810546875 0.599609375 0.04296875 0.12890625
2 0.734375 0.619140625 0.0546875 0.08984375
2 0.328125 0.38671875 0.0546875 0.0703125
2 0.423828125 0.517578125 0.07421875 0.12109375
2 0.638671875 0.64453125 0.05078125 0.109375
2 0.5 0.890625 1 0.21875
2 0.208984375 0.697265625 0.16796875 0.11328125
2 0.46484375 0.69140625 0.25 0.1796875
2 0.625 0.751953125 0.0703125 0.05859375