2 0.26171875 0.220703125 0.2421875 0.43359375
2 0.47265625 0.056640625 0.203125 0.11328125
2 0.328125 0.50390625 0.0703125 0.125
2 0.158203125 0.53515625 0.06640625 0.2109375
2 0.158203125 0.662109375 0.05859375 0.07421875
2 0.220703125 0.62109375 0.05859375 0.109375
2 0.615234375 0.296875 0.28515625 0.375
2 0.431640625 0.21484375 0.10546875 0.2265625
2 0.623046875 0.609375 0.31640625 0.265625
2 0.3984375 0.875 0.4296875 0.25
2 0.37890625 0.740234375 0.1796875 0.07421875
2 0.673828125 0.791015625 0.18359375 0.12890625
2 0.796875 0.8359375 0.0859375 0.1171875
2 0.623046875 0.87890625 0.06640625 0.0703125
2 0.41796875 0.41796875 0.046875 0.1484375
2 0.45703125 0.603515625 0.0859375 0.17578125
2 0.73828125 0.927734375 0.0703125 0.06640625
2 0.89453125 0.95703125 0.078125 0.0859375
2 0.662109375 0.978515625 0.05078125 0.04296875
2 0.2109375 0.6796875 0.0390625 0.0625
2 0.779296875 0.984375 0.06640625 0.03125