0 0.6015625 0.271484375 0.1875 0.27734375
0 0.568359375 0.58984375 0.19921875 0.34375
0 0.376953125 0.025390625 0.05859375 0.05078125
0 0.04296875 0.009765625 0.046875 0.01953125
0 0.033203125 0.37109375 0.06640625 0.078125
0 0.021484375 0.49609375 0.03515625 0.0546875
0 0.26171875 0.66796875 0.0390625 0.046875
0 0.140625 0.748046875 0.0625 0.03515625
0 0.078125 0.73828125 0.046875 0.0625
0 0.150390625 0.939453125 0.03515625 0.04296875
0 0.076171875 0.96484375 0.08203125 0.0703125
0 0.25390625 0.181640625 0.03125 0.04296875
0 0.140625 0.158203125 0.03125 0.02734375
0 0.130859375 0.326171875 0.08203125 0.01953125
0 0.240234375 0.419921875 0.04296875 0.03515625
0 0.455078125 0.29296875 0.06640625 0.0703125
0 0.19140625 0.8203125 0.03125 0.03125
0 0.2578125 0.833984375 0.0546875 0.04296875
0 0.244140625 0.923828125 0.05859375 0.11328125
0 0.8359375 0.9140625 0.0703125 0.09375
0 0.83203125 0.724609375 0.0859375 0.03515625
0 0.767578125 0.89453125 0.10546875 0.046875
0 0.708984375 0.96484375 0.12890625 0.0703125
0 0.55859375 0.962890625 0.046875 0.03515625
0 0.591796875 0.826171875 0.05078125 0.08984375
0 0.44140625 0.869140625 0.0859375 0.20703125
0 0.517578125 0.880859375 0.05859375 0.08203125
0 0.439453125 0.701171875 0.06640625 0.12890625
0 0.36328125 0.3125 0.0703125 0.15625
0 0.7265625 0.525390625 0.03125 0.03515625
0 0.814453125 0.541015625 0.05859375 0.06640625
0 0.796875 0.412109375 0.0703125 0.05078125
0 0.720703125 0.451171875 0.08203125 0.04296875
0 0.736328125 0.3203125 0.07421875 0.078125
0 0.82421875 0.330078125 0.0390625 0.03515625
0 0.923828125 0.220703125 0.15234375 0.44140625
0 0.970703125 0.5859375 0.05078125 0.2890625
0 0.833984375 0.681640625 0.05078125 0.03515625
0 0.783203125 0.037109375 0.08203125 0.07421875
0 0.638671875 0.0546875 0.08984375 0.03125
0 0.611328125 0.103515625 0.05078125 0.02734375
0 0.794921875 0.150390625 0.08203125 0.03515625
0 0.755859375 0.216796875 0.03515625 0.02734375
0 0.5390625 0.013671875 0.0234375 0.02734375
0 0.71875 0.095703125 0.0390625 0.05078125
0 0.779296875 0.091796875 0.04296875 0.03515625
0 0.88671875 0.591796875 0.0546875 0.05859375
0 0.484375 0.375 0.046875 0.0859375
0 0.912109375 0.79296875 0.10546875 0.0859375
0 0.759765625 0.826171875 0.02734375 0.03515625