0 0.248046875 0.80859375 0.11328125 0.3828125
0 0.51953125 0.208984375 0.1328125 0.41796875
0 0.3046875 0.3203125 0.0390625 0.03125
0 0.390625 0.142578125 0.109375 0.28515625
0 0.4140625 0.650390625 0.0703125 0.43359375
0 0.029296875 0.181640625 0.05078125 0.36328125
0 0.6171875 0.763671875 0.078125 0.05859375
0 0.556640625 0.701171875 0.05859375 0.04296875
0 0.515625 0.57421875 0.0546875 0.0546875
0 0.53125 0.51953125 0.0390625 0.0703125
0 0.625 0.50390625 0.046875 0.0390625
0 0.58203125 0.560546875 0.0234375 0.03515625
0 0.646484375 0.5625 0.05078125 0.0390625
0 0.060546875 0.52734375 0.07421875 0.1328125
0 0.091796875 0.71875 0.12109375 0.140625
0 0.142578125 0.576171875 0.05078125 0.09765625
0 0.279296875 0.515625 0.09765625 0.203125
0 0.328125 0.669921875 0.03125 0.10546875
0 0.068359375 0.099609375 0.03515625 0.13671875
0 0.388671875 0.353515625 0.05859375 0.15234375
0 0.552734375 0.908203125 0.12109375 0.18359375
0 0.70703125 0.92578125 0.046875 0.125
0 0.08984375 0.892578125 0.125 0.21484375
0 0.193359375 0.05078125 0.03515625 0.046875
0 0.16796875 0.158203125 0.0390625 0.02734375
0 0.287109375 0.08203125 0.05859375 0.109375
0 0.271484375 0.275390625 0.10546875 0.05078125
0 0.3046875 0.376953125 0.0703125 0.07421875
0 0.2109375 0.572265625 0.0390625 0.06640625
0 0.703125 0.66796875 0.0390625 0.359375
0 0.666015625 0.38671875 0.05859375 0.203125