0 0.447265625 0.533203125 0.15234375 0.59765625
0 0.53125 0.501953125 0.0390625 0.10546875
0 0.703125 0.34765625 0.0546875 0.0859375
0 0.642578125 0.439453125 0.06640625 0.11328125
0 0.6171875 0.5859375 0.0546875 0.109375
0 0.73828125 0.708984375 0.046875 0.05859375
0 0.560546875 0.705078125 0.03515625 0.03515625
0 0.615234375 0.9375 0.06640625 0.0546875
0 0.71484375 0.9765625 0.0546875 0.0390625
0 0.517578125 0.943359375 0.05859375 0.04296875
0 0.857421875 0.392578125 0.06640625 0.05078125
0 0.91796875 0.2734375 0.0546875 0.0625
0 0.857421875 0.1484375 0.05859375 0.0625
0 0.771484375 0.115234375 0.06640625 0.20703125
0 0.212890625 0.3671875 0.05078125 0.390625
0 0.181640625 0.068359375 0.14453125 0.13671875
0 0.12109375 0.29296875 0.125 0.3046875
0 0.056640625 0.666015625 0.11328125 0.44921875
0 0.26953125 0.859375 0.0625 0.1015625
0 0.294921875 0.623046875 0.05859375 0.10546875