2 0.375 0.208984375 0.40625 0.41796875
2 0.63671875 0.3515625 0.046875 0.1171875
2 0.640625 0.125 0.203125 0.25
2 0.8046875 0.376953125 0.078125 0.14453125
2 0.63671875 0.5 0.046875 0.140625
2 0.712890625 0.44140625 0.05078125 0.109375
2 0.8671875 0.501953125 0.0234375 0.04296875
2 0.34765625 0.546875 0.5 0.2578125
2 0.265625 0.8359375 0.4140625 0.328125
2 0.73046875 0.591796875 0.0859375 0.12890625
2 0.591796875 0.84375 0.19140625 0.3125
2 0.603515625 0.65234375 0.03515625 0.078125
2 0.646484375 0.58203125 0.03515625 0.0703125
2 0.787109375 0.763671875 0.06640625 0.10546875
2 0.927734375 0.87890625 0.07421875 0.2421875
2 0.82421875 0.955078125 0.140625 0.08984375
2 0.697265625 0.833984375 0.01953125 0.06640625
2 0.712890625 0.935546875 0.08984375 0.12890625
2 0.59375 0.2734375 0.0234375 0.0390625
2 0.93359375 0.630859375 0.0234375 0.24609375