0 0.8443333333333334 0.9382222222222222 0.178 0.1111111111111111
0 0.6033333333333334 0.8675555555555555 0.2986666666666667 0.13333333333333333
0 0.6706666666666666 0.7222222222222222 0.31066666666666665 0.12533333333333332
0 0.34 0.7306666666666667 0.33466666666666667 0.11733333333333333
0 0.05266666666666667 0.756 0.1 0.13777777777777778
0 0.092 0.15866666666666668 0.176 0.09333333333333334
0 0.056 0.25555555555555554 0.1 0.043555555555555556
0 0.035 0.392 0.058 0.06933333333333333
0 0.5256666666666666 0.2351111111111111 0.6753333333333333 0.3546666666666667
0 0.37366666666666665 0.028444444444444446 0.13266666666666665 0.035555555555555556
0 0.29933333333333334 0.5555555555555556 0.584 0.19555555555555557
0 0.83 0.5591111111111111 0.34 0.16177777777777777
0 0.9816666666666667 0.7942222222222223 0.03666666666666667 0.07733333333333334
0 0.9516666666666667 0.04577777777777778 0.09666666666666666 0.059555555555555556
0 0.2803333333333333 0.9266666666666666 0.32866666666666666 0.12355555555555556