0 0.625 0.548828125 0.203125 0.80859375
0 0.462890625 0.486328125 0.06640625 0.08984375
0 0.47265625 0.78125 0.046875 0.0703125
0 0.4609375 0.916015625 0.09375 0.16796875
0 0.083984375 0.859375 0.16796875 0.28125
0 0.314453125 0.72265625 0.09765625 0.1953125
0 0.59765625 0.12109375 0.0625 0.0390625
0 0.08984375 0.251953125 0.0390625 0.04296875
0 0.017578125 0.255859375 0.02734375 0.04296875
0 0.13671875 0.3359375 0.09375 0.0390625
0 0.365234375 0.3671875 0.04296875 0.046875
0 0.26953125 0.9140625 0.1953125 0.171875