0 0.447265625 0.25390625 0.14453125 0.234375
0 0.4140625 0.451171875 0.1484375 0.16015625
0 0.361328125 0.61328125 0.12890625 0.1484375
0 0.330078125 0.734375 0.11328125 0.109375
0 0.28125 0.208984375 0.0859375 0.18359375
0 0.9765625 0.396484375 0.046875 0.05078125
0 0.21484375 0.4765625 0.0625 0.0390625
0 0.087890625 0.53125 0.05078125 0.03125
0 0.109375 0.60546875 0.09375 0.03125
0 0.072265625 0.69140625 0.06640625 0.0625
0 0.052734375 0.78125 0.09765625 0.109375
0 0.13671875 0.87109375 0.0625 0.109375
0 0.759765625 0.03515625 0.13671875 0.0703125
0 0.3046875 0.052734375 0.09375 0.08203125
0 0.8359375 0.8359375 0.0546875 0.09375
0 0.953125 0.8828125 0.0390625 0.0625
0 0.89453125 0.73046875 0.046875 0.0390625
0 0.58984375 0.404296875 0.0390625 0.05078125
0 0.595703125 0.275390625 0.05859375 0.07421875
0 0.2421875 0.333984375 0.1640625 0.05859375
0 0.4765625 0.068359375 0.1875 0.13671875
0 0.837890625 0.337890625 0.05859375 0.07421875
0 0.111328125 0.986328125 0.22265625 0.02734375
0 0.03125 0.90625 0.0625 0.1328125