1 0.7421875 0.216796875 0.0859375 0.11328125
1 0.408203125 0.25390625 0.08203125 0.1484375
1 0.822265625 0.408203125 0.06640625 0.07421875
1 0.43359375 0.3671875 0.0703125 0.0390625
1 0.45703125 0.435546875 0.1171875 0.11328125
1 0.564453125 0.515625 0.08984375 0.2109375
1 0.791015625 0.609375 0.25390625 0.234375
1 0.447265625 0.5703125 0.12109375 0.1484375
1 0.8046875 0.865234375 0.265625 0.26953125
1 0.55078125 0.8203125 0.234375 0.3515625
1 0.134765625 0.65625 0.26953125 0.203125
1 0.33203125 0.6484375 0.1015625 0.15625
1 0.189453125 0.927734375 0.18359375 0.14453125
1 0.34375 0.794921875 0.046875 0.05078125
1 0.369140625 0.9609375 0.13671875 0.0625
1 0.2109375 0.521484375 0.0703125 0.05078125
1 0.8203125 0.3203125 0.03125 0.0390625
1 0.671875 0.357421875 0.0546875 0.04296875
1 0.974609375 0.26171875 0.05078125 0.0390625