2 0.078125 0.263671875 0.15625 0.52734375
2 0.765625 0.388671875 0.390625 0.77734375
2 0.7890625 0.88671875 0.125 0.2265625
2 0.619140625 0.865234375 0.10546875 0.17578125
2 0.224609375 0.880859375 0.09765625 0.23828125
2 0.107421875 0.947265625 0.13671875 0.10546875
2 0.087890625 0.82421875 0.04296875 0.078125
2 0.4453125 0.5546875 0.2421875 0.890625
2 0.283203125 0.435546875 0.08984375 0.65234375
2 0.201171875 0.365234375 0.08203125 0.48046875
2 0.2265625 0.08203125 0.046875 0.0390625
2 0.08984375 0.603515625 0.03125 0.05078125