2 0.6924629878869448 0.012884978001257071 0.13593539703903096 0.025769956002514142
2 0.6137281292059219 0.03299811439346323 0.08075370121130551 0.04211187932118165
2 0.41722745625841184 0.09270898805782526 0.16689098250336473 0.0458830923947203
2 0.20659488559892328 0.02294154619736015 0.11978465679676985 0.0458830923947203
2 0.44952893674293404 0.01005656819610308 0.05114401076716016 0.02011313639220616
2 0.15275908479138628 0.2231301068510371 0.14131897711978467 0.0678818353236958
2 0.9078061911170928 0.0458830923947203 0.09825033647375504 0.0678818353236958
2 0.8263795423956931 0.0666247642991829 0.08075370121130551 0.03016970458830924
2 0.7456258411843876 0.30421118793211815 0.12382234185733512 0.1257071024512885
2 0.8775235531628532 0.37335009428032684 0.12382234185733512 0.1332495285983658
2 0.5074024226110363 0.22218730358265243 0.07267833109017496 0.0458830923947203
2 0.34253028263795426 0.25204274041483343 0.06864064602960969 0.0339409176618479
2 0.2557200538358008 0.3136392206159648 0.12382234185733512 0.03016970458830924
2 0.04979811574697174 0.387806411062225 0.08075370121130551 0.061596480201131364
2 0.24697173620457605 0.37774984286612195 0.14131897711978467 0.03771213073538655
2 0.3768506056527591 0.4421747328724073 0.11036339165545088 0.147705845380264
2 0.5168236877523553 0.49497171590194844 0.11036339165545088 0.07353865493400377
2 0.7711978465679677 0.494343180389692 0.11574697173620457 0.06348208673790069
2 0.6345895020188426 0.5487115021998743 0.05518169582772544 0.07793840351979887
2 0.9293405114401077 0.6115650534255186 0.14131897711978467 0.1357636706473916
2 0.5329744279946165 0.6524198617221874 0.17496635262449528 0.19736015084852293
2 0.7759084791386271 0.6473915776241358 0.09825033647375504 0.07165304839723445
2 0.67092866756393 0.6935889377749843 0.07671601615074024 0.05593966059082338
2 0.8566621803499327 0.7014456316781899 0.0901749663526245 0.02765556253928347
2 0.7779273216689099 0.7322438717787555 0.09421265141318977 0.03016970458830924
2 0.6648721399730821 0.8378378378378378 0.08075370121130551 0.1332495285983658
2 0.7624495289367429 0.8130106851037083 0.047106325706594884 0.035826524198617225
2 0.4892328398384926 0.8994343180389692 0.14939434724091522 0.2011313639220616
2 0.2873485868102288 0.5986800754242615 0.11978465679676985 0.08988057825267128
2 0.18506056527590847 0.6772470144563167 0.0847913862718708 0.10747957259585167
2 0.2611036339165545 0.9022627278441232 0.20457604306864063 0.19547454431175362