1 0.099609375 0.3125 0.08984375 0.1328125
1 0.181640625 0.046875 0.05859375 0.046875
1 0.314453125 0.408203125 0.06640625 0.06640625
1 0.515625 0.3828125 0.1484375 0.2109375
1 0.404296875 0.708984375 0.10546875 0.30859375
1 0.57421875 0.85546875 0.234375 0.265625
1 0.794921875 0.79296875 0.20703125 0.4140625
1 0.9453125 0.96484375 0.09375 0.0703125
1 0.732421875 0.537109375 0.07421875 0.10546875
1 0.654296875 0.37890625 0.07421875 0.0390625
1 0.6875 0.431640625 0.0390625 0.06640625
1 0.548828125 0.5625 0.08203125 0.0859375
1 0.408203125 0.46484375 0.04296875 0.0546875
1 0.658203125 0.232421875 0.08203125 0.05859375
1 0.611328125 0.654296875 0.13671875 0.10546875