0 0.716796875 0.73046875 0.12109375 0.203125
0 0.478515625 0.896484375 0.20703125 0.19140625
0 0.287109375 0.859375 0.09765625 0.25
0 0.07421875 0.568359375 0.0859375 0.12109375
0 0.052734375 0.185546875 0.05859375 0.23828125
0 0.2265625 0.193359375 0.078125 0.24609375
0 0.373046875 0.109375 0.12109375 0.2109375
0 0.294921875 0.466796875 0.10546875 0.15234375
0 0.75 0.533203125 0.125 0.18359375
0 0.59765625 0.595703125 0.1171875 0.26953125
0 0.5078125 0.552734375 0.0546875 0.16796875
0 0.134765625 0.6953125 0.16015625 0.109375