2 0.08203125 0.408203125 0.1171875 0.64453125
2 0.09765625 0.044921875 0.0625 0.08984375
2 0.271484375 0.021484375 0.02734375 0.04296875
2 0.220703125 0.1171875 0.04296875 0.125
2 0.326171875 0.4609375 0.06640625 0.0859375
2 0.439453125 0.169921875 0.08203125 0.33984375
2 0.595703125 0.1875 0.08203125 0.078125
2 0.587890625 0.32421875 0.06640625 0.046875
2 0.591796875 0.6171875 0.08984375 0.203125
2 0.68359375 0.466796875 0.078125 0.10546875
2 0.77734375 0.099609375 0.1484375 0.19921875
2 0.931640625 0.052734375 0.05078125 0.10546875
2 0.8671875 0.298828125 0.0625 0.10546875
2 0.951171875 0.208984375 0.05078125 0.06640625
2 0.951171875 0.869140625 0.05859375 0.10546875
2 0.650390625 0.88671875 0.08984375 0.1875
2 0.453125 0.92578125 0.03125 0.0625
2 0.818359375 0.642578125 0.05859375 0.11328125
2 0.873046875 0.98046875 0.08984375 0.0390625
2 0.646484375 0.037109375 0.05859375 0.07421875