2 0.064453125 0.17578125 0.07421875 0.0703125
2 0.03125 0.67578125 0.0625 0.171875
2 0.0546875 0.4921875 0.0859375 0.046875
2 0.16015625 0.453125 0.0625 0.0546875
2 0.3515625 0.599609375 0.0859375 0.29296875
2 0.15625 0.5390625 0.078125 0.078125
2 0.25390625 0.529296875 0.0234375 0.07421875
2 0.15234375 0.62109375 0.1015625 0.0390625
2 0.16015625 0.701171875 0.0703125 0.04296875
2 0.294921875 0.876953125 0.08984375 0.08203125
2 0.453125 0.919921875 0.0859375 0.16015625
2 0.328125 0.982421875 0.046875 0.03515625
2 0.375 0.220703125 0.078125 0.06640625
2 0.357421875 0.078125 0.05078125 0.125
2 0.26171875 0.029296875 0.09375 0.05859375
2 0.666015625 0.48046875 0.07421875 0.1953125
2 0.61328125 0.408203125 0.0390625 0.06640625
2 0.578125 0.30078125 0.0625 0.0546875
2 0.48046875 0.18359375 0.09375 0.1875
2 0.845703125 0.248046875 0.08203125 0.19140625
2 0.87890625 0.087890625 0.0546875 0.10546875
2 0.9296875 0.078125 0.0390625 0.15625
2 0.74609375 0.568359375 0.0390625 0.07421875
2 0.82421875 0.599609375 0.078125 0.36328125
2 0.923828125 0.76171875 0.05859375 0.4765625
2 0.796875 0.912109375 0.0546875 0.09765625
2 0.578125 0.76953125 0.046875 0.1328125
2 0.548828125 0.52734375 0.03515625 0.1015625