2 0.2015625 0.9666666666666667 0.15625 0.06666666666666667
2 0.26640625 0.896875 0.0515625 0.04375
2 0.50859375 0.7770833333333333 0.0953125 0.058333333333333334
2 0.6359375 0.8135416666666667 0.034375 0.04375
2 0.75625 0.8333333333333334 0.040625 0.04583333333333333
2 0.8921875 0.7395833333333334 0.028125 0.029166666666666667
2 0.65703125 0.703125 0.0328125 0.03125
2 0.93359375 0.030208333333333334 0.1328125 0.052083333333333336
2 0.93125 0.10104166666666667 0.0375 0.052083333333333336
2 0.95234375 0.234375 0.0734375 0.04791666666666667
2 0.9328125 0.31979166666666664 0.04375 0.052083333333333336
2 0.92734375 0.38958333333333334 0.0546875 0.025
2 0.9265625 0.43125 0.146875 0.0375
2 0.25625 0.24791666666666667 0.11875 0.05
2 0.5078125 0.19583333333333333 0.21875 0.075
2 0.4484375 0.28229166666666666 0.23125 0.07708333333333334
2 0.6515625 0.265625 0.175 0.06458333333333334
2 0.6625 0.434375 0.109375 0.06458333333333334
2 0.32265625 0.5302083333333333 0.2015625 0.06875
2 0.7171875 0.6302083333333334 0.18125 0.04791666666666667