1 0.787109375 0.056640625 0.16015625 0.10546875
1 0.55078125 0.25390625 0.0546875 0.03125
1 0.533203125 0.390625 0.12890625 0.1796875
1 0.810546875 0.484375 0.35546875 0.25
1 0.84375 0.2890625 0.3125 0.1484375
1 0.931640625 0.16796875 0.12890625 0.0859375
1 0.251953125 0.125 0.50390625 0.2265625
1 0.212890625 0.62109375 0.42578125 0.7578125
1 0.529296875 0.75 0.20703125 0.5
1 0.755859375 0.921875 0.17578125 0.15625
1 0.7421875 0.640625 0.0625 0.0546875
1 0.833984375 0.646484375 0.05078125 0.04296875
1 0.912109375 0.736328125 0.08203125 0.24609375
1 0.85546875 0.73046875 0.03125 0.0390625