2 0.046875 0.603515625 0.078125 0.79296875
2 0.099609375 0.1015625 0.07421875 0.203125
2 0.90625 0.740234375 0.125 0.51953125
2 0.857421875 0.35546875 0.12890625 0.25
2 0.771484375 0.0546875 0.04296875 0.109375
2 0.673828125 0.14453125 0.07421875 0.2890625
2 0.57421875 0.12109375 0.0546875 0.0625
2 0.748046875 0.318359375 0.07421875 0.23828125
2 0.6640625 0.408203125 0.0390625 0.13671875
2 0.5703125 0.46484375 0.09375 0.421875
2 0.71484375 0.560546875 0.0390625 0.07421875
2 0.79296875 0.6953125 0.046875 0.15625
2 0.755859375 0.587890625 0.01953125 0.08203125
2 0.70703125 0.9765625 0.078125 0.046875
2 0.125 0.287109375 0.046875 0.16015625
2 0.2421875 0.451171875 0.0703125 0.15234375
2 0.107421875 0.7890625 0.04296875 0.21875
2 0.251953125 0.08203125 0.03515625 0.078125
2 0.318359375 0.01953125 0.03515625 0.0390625
2 0.310546875 0.224609375 0.05078125 0.07421875
2 0.4140625 0.328125 0.0234375 0.0625
2 0.41796875 0.689453125 0.0859375 0.23046875
2 0.33984375 0.849609375 0.0703125 0.11328125
2 0.2421875 0.890625 0.0625 0.09375
2 0.259765625 0.62109375 0.03515625 0.0625
2 0.55078125 0.765625 0.0703125 0.125