2 0.17578125 0.853515625 0.3515625 0.29296875
2 0.333984375 0.86328125 0.00390625 0.015625
2 0.2578125 0.521484375 0.265625 0.37109375
2 0.37109375 0.81640625 0.0390625 0.21875
2 0.40234375 0.708984375 0.03125 0.16015625
2 0.431640625 0.654296875 0.01953125 0.05859375
2 0.41796875 0.4765625 0.0546875 0.2734375
2 0.455078125 0.4609375 0.02734375 0.2421875
2 0.298828125 0.16796875 0.32421875 0.328125
2 0.4765625 0.205078125 0.0390625 0.41015625
2 0.51953125 0.158203125 0.0390625 0.31640625
2 0.546875 0.076171875 0.03125 0.15234375
2 0.580078125 0.03515625 0.02734375 0.0703125
2 0.70703125 0.087890625 0.203125 0.17578125
2 0.638671875 0.287109375 0.17578125 0.21484375
2 0.62890625 0.52734375 0.2109375 0.265625
2 0.5703125 0.775390625 0.203125 0.21484375
2 0.533203125 0.943359375 0.20703125 0.11328125
2 0.673828125 0.869140625 0.08984375 0.06640625
2 0.76953125 0.7578125 0.21875 0.1953125
2 0.98046875 0.091796875 0.0390625 0.15234375
2 0.88671875 0.107421875 0.0390625 0.05078125
2 0.9296875 0.140625 0.0546875 0.09375
2 0.783203125 0.2109375 0.09765625 0.078125
2 0.759765625 0.29296875 0.07421875 0.078125
2 0.779296875 0.353515625 0.03515625 0.04296875
2 0.876953125 0.328125 0.04296875 0.0703125
2 0.98046875 0.23828125 0.0390625 0.1328125
2 0.970703125 0.361328125 0.05078125 0.10546875
2 0.796875 0.41796875 0.046875 0.0625
2 0.7734375 0.494140625 0.03125 0.06640625
2 0.78515625 0.556640625 0.09375 0.04296875
2 0.7734375 0.615234375 0.1171875 0.07421875
2 0.9375 0.451171875 0.0703125 0.06640625
2 0.904296875 0.525390625 0.06640625 0.05859375
2 0.869140625 0.599609375 0.08984375 0.10546875
2 0.81640625 0.505859375 0.0234375 0.03515625