2 0.251953125 0.30859375 0.06640625 0.1953125
2 0.869140625 0.158203125 0.08203125 0.16015625
2 0.3359375 0.248046875 0.0703125 0.14453125
2 0.609375 0.255859375 0.046875 0.12890625
2 0.41015625 0.482421875 0.0390625 0.12109375
2 0.25 0.568359375 0.0390625 0.11328125
2 0.16796875 0.640625 0.1015625 0.2421875
2 0.359375 0.904296875 0.078125 0.18359375
2 0.287109375 0.95703125 0.05078125 0.0859375
2 0.6953125 0.6171875 0.03125 0.0859375
2 0.693359375 0.78515625 0.07421875 0.1171875
2 0.755859375 0.78125 0.01953125 0.0078125
2 0.826171875 0.857421875 0.00390625 0.00390625
2 0.970703125 0.751953125 0.05859375 0.30078125
2 0.814453125 0.45703125 0.08203125 0.0546875
2 0.5078125 0.90625 0.140625 0.1875
2 0.130859375 0.3203125 0.12109375 0.2109375
2 0.134765625 0.359375 0.00390625 0.0390625
2 0.380859375 0.07421875 0.05078125 0.0625
2 0.5546875 0.06640625 0.03125 0.046875
2 0.462890625 0.537109375 0.02734375 0.15234375
2 0.845703125 0.361328125 0.04296875 0.07421875
2 0.234375 0.095703125 0.078125 0.12109375
2 0.19921875 0.921875 0.1328125 0.15625
2 0.7109375 0.486328125 0.0625 0.07421875
2 0.515625 0.466796875 0.046875 0.10546875