0 0.869140625 0.3515625 0.26171875 0.1875
0 0.58984375 0.564453125 0.796875 0.16796875
0 0.16796875 0.267578125 0.3359375 0.11328125
0 0.5078125 0.419921875 0.296875 0.10546875
0 0.26171875 0.423828125 0.0546875 0.05078125
0 0.05078125 0.39453125 0.09375 0.1171875
0 0.09765625 0.640625 0.1171875 0.0546875
0 0.638671875 0.806640625 0.06640625 0.15234375
0 0.4453125 0.77734375 0.0546875 0.0390625
0 0.330078125 0.85546875 0.05859375 0.1328125
0 0.123046875 0.904296875 0.24609375 0.11328125
0 0.880859375 0.892578125 0.23828125 0.21484375
0 0.2265625 0.732421875 0.2265625 0.09765625