0 0.24609375 0.482421875 0.171875 0.73046875
0 0.078125 0.52734375 0.0546875 0.1015625
0 0.130859375 0.447265625 0.04296875 0.37890625
0 0.14453125 0.09765625 0.0390625 0.078125
0 0.529296875 0.35546875 0.05859375 0.171875
0 0.556640625 0.556640625 0.06640625 0.08203125
0 0.421875 0.259765625 0.0703125 0.13671875
0 0.8828125 0.5546875 0.125 0.15625
0 0.8984375 0.734375 0.109375 0.0546875
0 0.837890625 0.9296875 0.16796875 0.09375
0 0.85546875 0.8046875 0.0625 0.0859375
0 0.7890625 0.5546875 0.0625 0.2890625
0 0.861328125 0.255859375 0.10546875 0.29296875
0 0.6328125 0.79296875 0.0703125 0.359375
0 0.736328125 0.029296875 0.05078125 0.05859375