1 0.5304783950617284 0.5431134259259259 0.2993827160493827 0.10821759259259259
1 0.2013888888888889 0.5124421296296297 0.08719135802469136 0.04224537037037037
1 0.5700231481481481 0.33101851851851855 0.07214506172839506 0.07291666666666667
1 0.5106095679012346 0.22366898148148148 0.1091820987654321 0.1371527777777778
1 0.46392746913580246 0.6727430555555556 0.07523148148148148 0.06655092592592593
1 0.388695987654321 0.6209490740740741 0.060570987654320986 0.046296296296296294
1 0.4427083333333333 0.8035300925925926 0.08834876543209877 0.061921296296296294
1 0.39544753086419754 0.8964120370370371 0.09722222222222222 0.0798611111111111
1 0.3296682098765432 0.9667245370370371 0.060570987654320986 0.06655092592592593
1 0.7125771604938271 0.5899884259259259 0.035493827160493825 0.06886574074074074
1 0.6107253086419753 0.1171875 0.10339506172839506 0.06655092592592593