2 0.072265625 0.5546875 0.08984375 0.140625
2 0.169921875 0.73046875 0.07421875 0.0859375
2 0.08984375 0.837890625 0.0703125 0.07421875
2 0.265625 0.888671875 0.078125 0.06640625
2 0.455078125 0.521484375 0.08203125 0.09765625
2 0.587890625 0.80859375 0.08984375 0.0703125
2 0.779296875 0.490234375 0.15234375 0.37109375
2 0.52734375 0.265625 0.0703125 0.1171875
2 0.595703125 0.458984375 0.08984375 0.08984375
2 0.66015625 0.330078125 0.046875 0.06640625
2 0.6640625 0.23046875 0.140625 0.078125
2 0.814453125 0.783203125 0.07421875 0.19140625