0 0.595703125 0.3515625 0.16796875 0.2734375
0 0.638671875 0.7421875 0.23046875 0.515625
0 0.46875 0.83203125 0.1015625 0.3359375
0 0.083984375 0.732421875 0.14453125 0.53515625
0 0.28515625 0.796875 0.265625 0.40625
0 0.56640625 0.10546875 0.1171875 0.2109375
0 0.408203125 0.111328125 0.12109375 0.22265625
0 0.087890625 0.052734375 0.09765625 0.10546875
0 0.197265625 0.15625 0.10546875 0.2421875
0 0.296875 0.125 0.0625 0.25
0 0.197265625 0.45703125 0.05078125 0.109375
0 0.310546875 0.44140625 0.06640625 0.2890625
0 0.439453125 0.408203125 0.12890625 0.34765625
0 0.025390625 0.39453125 0.05078125 0.1484375
0 0.4765625 0.625 0.09375 0.0546875
0 0.0234375 0.19140625 0.046875 0.0546875
0 0.14453125 0.322265625 0.0625 0.02734375