2 0.638671875 0.16015625 0.05078125 0.2265625
2 0.302734375 0.115234375 0.02734375 0.05078125
2 0.28125 0.173828125 0.0234375 0.05859375
2 0.369140625 0.064453125 0.05078125 0.06640625
2 0.486328125 0.294921875 0.05078125 0.07421875
2 0.5625 0.421875 0.03125 0.2578125
2 0.2421875 0.28515625 0.03125 0.046875
2 0.2890625 0.44140625 0.0546875 0.15625
2 0.34375 0.560546875 0.0390625 0.16796875
2 0.236328125 0.56640625 0.03515625 0.1171875
2 0.451171875 0.623046875 0.03515625 0.06640625
2 0.43359375 0.748046875 0.0546875 0.11328125
2 0.4921875 0.69921875 0.03125 0.140625
2 0.82421875 0.509765625 0.0390625 0.05859375
2 0.064453125 0.05859375 0.03515625 0.1171875
2 0.611328125 0.8203125 0.03515625 0.0859375
2 0.556640625 0.83984375 0.03515625 0.3125
2 0.87890625 0.712890625 0.046875 0.05859375
2 0.958984375 0.814453125 0.01953125 0.04296875
2 0.806640625 0.146484375 0.04296875 0.26953125
2 0.201171875 0.58984375 0.03515625 0.0234375