1 0.7101806239737274 0.7768014059753954 0.042692939244663386 0.05975395430579965
1 0.9014778325123153 0.8919156414762741 0.041050903119868636 0.10720562390158173
1 0.32922824302134646 0.538664323374341 0.17733990147783252 0.11423550087873462
1 0.4930213464696223 0.5869947275922671 0.06486042692939245 0.0913884007029877
1 0.27011494252873564 0.1634446397188049 0.041050903119868636 0.070298769771529
1 0.2557471264367816 0.28734622144112476 0.025451559934318555 0.054481546572934976
1 0.3156814449917898 0.20210896309314588 0.03858784893267652 0.06678383128295255
1 0.3448275862068966 0.2609841827768014 0.042692939244663386 0.050966608084358524
1 0.4027093596059113 0.2398945518453427 0.06157635467980296 0.04745166959578207
1 0.46592775041050905 0.327768014059754 0.1781609195402299 0.08611599297012303
1 0.5566502463054187 0.11159929701230228 0.04597701149425287 0.043936731107205626
1 0.4540229885057471 0.054481546572934976 0.031198686371100164 0.056239015817223195
1 0.020114942528735632 0.5509666080843585 0.022167487684729065 0.050966608084358524