0 0.44140625 0.45703125 0.3203125 0.7734375
0 0.111328125 0.404296875 0.22265625 0.80859375
0 0.2421875 0.640625 0.046875 0.1484375
0 0.458984375 0.9453125 0.26171875 0.109375
0 0.439453125 0.8671875 0.13671875 0.0390625
0 0.193359375 0.845703125 0.13671875 0.05859375
0 0.96484375 0.12109375 0.0703125 0.0546875
0 0.974609375 0.416015625 0.04296875 0.23828125
0 0.91015625 0.568359375 0.0703125 0.21484375
0 0.87890625 0.716796875 0.078125 0.07421875
0 0.974609375 0.626953125 0.04296875 0.17578125
0 0.8515625 0.865234375 0.0546875 0.05078125
0 0.97265625 0.912109375 0.0546875 0.05859375
0 0.845703125 0.970703125 0.07421875 0.04296875
0 0.314453125 0.029296875 0.12109375 0.05078125
0 0.248046875 0.16015625 0.02734375 0.0625