2 0.18359375 0.080078125 0.140625 0.16015625
2 0.185546875 0.2734375 0.15234375 0.234375
2 0.3125 0.05859375 0.0546875 0.1171875
2 0.41796875 0.021484375 0.0390625 0.04296875
2 0.5 0.021484375 0.0546875 0.04296875
2 0.427734375 0.125 0.04296875 0.1171875
2 0.3046875 0.2421875 0.0546875 0.171875
2 0.29296875 0.38671875 0.0625 0.125
2 0.35546875 0.404296875 0.03125 0.07421875
2 0.294921875 0.517578125 0.04296875 0.13671875
2 0.232421875 0.447265625 0.05859375 0.15234375
2 0.146484375 0.419921875 0.03515625 0.06640625
2 0.10546875 0.49609375 0.0625 0.09375
2 0.103515625 0.59375 0.05078125 0.109375
2 0.169921875 0.658203125 0.03515625 0.07421875
2 0.0859375 0.751953125 0.046875 0.12890625
2 0.064453125 0.859375 0.05859375 0.1015625
2 0.1015625 0.966796875 0.0546875 0.05078125
2 0.140625 0.873046875 0.0625 0.10546875
2 0.189453125 0.958984375 0.06640625 0.07421875
2 0.1484375 0.806640625 0.046875 0.03515625
2 0.53515625 0.80859375 0.0703125 0.1484375
2 0.53515625 0.59375 0.0546875 0.1015625
2 0.5390625 0.169921875 0.0390625 0.08203125
2 0.62109375 0.28125 0.0546875 0.2109375
2 0.97265625 0.09765625 0.0546875 0.109375
2 0.791015625 0.150390625 0.05859375 0.06640625
2 0.71875 0.267578125 0.03125 0.09765625
2 0.779296875 0.380859375 0.06640625 0.19921875
2 0.806640625 0.25390625 0.02734375 0.0625
2 0.884765625 0.28125 0.05078125 0.1171875
2 0.87890625 0.404296875 0.0390625 0.07421875
2 0.9765625 0.650390625 0.046875 0.08203125
2 0.978515625 0.390625 0.03515625 0.140625
2 0.81640625 0.017578125 0.0703125 0.03515625
2 0.837890625 0.62109375 0.02734375 0.15625
2 0.765625 0.57421875 0.0546875 0.1015625
2 0.919921875 0.7421875 0.05078125 0.1328125
2 0.755859375 0.744140625 0.09765625 0.16015625
2 0.646484375 0.68359375 0.02734375 0.125
2 0.658203125 0.94921875 0.04296875 0.1015625
2 0.984375 0.96484375 0.03125 0.0703125
2 0.8984375 0.953125 0.0390625 0.0625
2 0.84765625 0.953125 0.0546875 0.0625
2 0.9453125 0.349609375 0.0390625 0.05078125
2 0.953125 0.166015625 0.0625 0.05078125
2 0.908203125 0.203125 0.03515625 0.0390625
2 0.419921875 0.322265625 0.03515625 0.04296875
2 0.4375 0.421875 0.0390625 0.0625
2 0.517578125 0.103515625 0.03515625 0.04296875
2 0.47265625 0.1015625 0.0234375 0.0625