0 0.611328125 0.517578125 0.12890625 0.96484375
0 0.484375 0.166015625 0.1328125 0.33203125
0 0.8359375 0.24609375 0.0625 0.4921875
0 0.72265625 0.150390625 0.0703125 0.24609375
0 0.517578125 0.958984375 0.05078125 0.08203125
0 0.21484375 0.46875 0.1015625 0.2265625
0 0.341796875 0.484375 0.07421875 0.15625
0 0.470703125 0.515625 0.16015625 0.2578125
0 0.46875 0.728515625 0.0703125 0.07421875
0 0.36328125 0.779296875 0.1484375 0.11328125
0 0.390625 0.921875 0.0390625 0.109375
0 0.228515625 0.876953125 0.13671875 0.06640625
0 0.365234375 0.26171875 0.04296875 0.0703125
0 0.32421875 0.1015625 0.0859375 0.09375
0 0.181640625 0.1796875 0.10546875 0.34375
0 0.150390625 0.70703125 0.04296875 0.2578125
0 0.23046875 0.95703125 0.1484375 0.0859375
0 0.7890625 0.904296875 0.0625 0.19140625