0 0.6484375 0.236328125 0.1328125 0.39453125
0 0.619140625 0.623046875 0.12890625 0.37890625
0 0.412109375 0.869140625 0.05859375 0.06640625
0 0.48828125 0.298828125 0.0546875 0.09765625
0 0.412109375 0.3984375 0.05078125 0.0703125
0 0.421875 0.505859375 0.0546875 0.08203125
0 0.150390625 0.21484375 0.08203125 0.171875
0 0.078125 0.421875 0.078125 0.234375
0 0.1796875 0.419921875 0.03125 0.06640625
0 0.13671875 0.375 0.03125 0.09375
0 0.310546875 0.607421875 0.05078125 0.05859375
0 0.1640625 0.5625 0.078125 0.2109375
0 0.01953125 0.39453125 0.0390625 0.265625
0 0.0234375 0.171875 0.0390625 0.0625
0 0.197265625 0.8984375 0.09765625 0.078125
0 0.169921875 0.990234375 0.05078125 0.01953125
0 0.72265625 0.4765625 0.0546875 0.0546875
0 0.322265625 0.330078125 0.05078125 0.05078125
0 0.2421875 0.44140625 0.0703125 0.109375
0 0.310546875 0.689453125 0.04296875 0.02734375
0 0.234375 0.66015625 0.0546875 0.296875
0 0.728515625 0.884765625 0.08203125 0.03515625
0 0.798828125 0.806640625 0.15234375 0.05078125
0 0.87109375 0.95703125 0.109375 0.0859375
0 0.490234375 0.873046875 0.05078125 0.03515625
0 0.8359375 0.650390625 0.1875 0.10546875