2 0.259765625 0.8515625 0.19140625 0.1640625
2 0.220703125 0.578125 0.16015625 0.4140625
2 0.4296875 0.91796875 0.03125 0.0625
2 0.421875 0.822265625 0.09375 0.05859375
2 0.658203125 0.869140625 0.07421875 0.26171875
2 0.541015625 0.921875 0.19140625 0.15625
2 0.58203125 0.763671875 0.0625 0.16796875
2 0.76171875 0.83984375 0.09375 0.3203125
2 0.859375 0.345703125 0.109375 0.69140625
2 0.60546875 0.447265625 0.046875 0.05859375
2 0.68359375 0.1328125 0.0546875 0.1015625
2 0.3671875 0.392578125 0.125 0.12890625
2 0.103515625 0.1796875 0.14453125 0.34375
2 0.224609375 0.154296875 0.06640625 0.15234375
2 0.21484375 0.302734375 0.046875 0.08203125
2 0.361328125 0.205078125 0.04296875 0.06640625
2 0.328125 0.03515625 0.140625 0.0703125
2 0.490234375 0.197265625 0.08984375 0.23828125
2 0.41015625 0.109375 0.0859375 0.09375
2 0.51953125 0.501953125 0.078125 0.08984375
2 0.6953125 0.33984375 0.09375 0.078125
2 0.591796875 0.345703125 0.05078125 0.04296875
2 0.560546875 0.0546875 0.05859375 0.0625
2 0.666015625 0.47265625 0.03515625 0.0390625
2 0.365234375 0.55859375 0.03515625 0.03125
2 0.58984375 0.595703125 0.0234375 0.11328125
2 0.48828125 0.74609375 0.0234375 0.0546875
2 0.501953125 0.62890625 0.09765625 0.078125
2 0.7890625 0.248046875 0.0625 0.06640625
2 0.330078125 0.7265625 0.09765625 0.0546875
2 0.7734375 0.505859375 0.0390625 0.03515625
2 0.74609375 0.193359375 0.09375 0.04296875
2 0.2578125 0.3359375 0.0625 0.046875