0 0.6953125 0.533203125 0.1953125 0.68359375
0 0.91796875 0.744140625 0.046875 0.07421875
0 0.533203125 0.521484375 0.10546875 0.07421875
0 0.43359375 0.482421875 0.0625 0.05859375
0 0.3125 0.484375 0.0625 0.03125
0 0.529296875 0.1640625 0.05859375 0.046875
0 0.88671875 0.18359375 0.0390625 0.0625
0 0.986328125 0.130859375 0.02734375 0.06640625
0 0.96875 0.396484375 0.0546875 0.05859375
0 0.84375 0.439453125 0.046875 0.05078125
0 0.67578125 0.93359375 0.1875 0.1015625
0 0.8828125 0.548828125 0.03125 0.08203125
0 0.537109375 0.697265625 0.05078125 0.04296875
0 0.408203125 0.759765625 0.03515625 0.05078125
0 0.3046875 0.73828125 0.015625 0.03125
0 0.06640625 0.681640625 0.03125 0.02734375
0 0.068359375 0.181640625 0.02734375 0.08984375
0 0.04296875 0.091796875 0.078125 0.08203125
0 0.435546875 0.900390625 0.08984375 0.05859375
0 0.755859375 0.017578125 0.08203125 0.03515625
0 0.962890625 0.666015625 0.04296875 0.05859375