0 0.240234375 0.384765625 0.37109375 0.23046875
0 0.18359375 0.62109375 0.2734375 0.1875
0 0.044921875 0.865234375 0.08203125 0.25390625
0 0.146484375 0.78125 0.07421875 0.125
0 0.720703125 0.5625 0.12890625 0.2890625
0 0.765625 0.927734375 0.234375 0.14453125
0 0.50390625 0.8984375 0.234375 0.1875
0 0.5625 0.236328125 0.2265625 0.45703125
0 0.384765625 0.716796875 0.08984375 0.14453125
0 0.3515625 0.828125 0.0703125 0.09375
0 0.501953125 0.57421875 0.13671875 0.2109375
0 0.376953125 0.552734375 0.06640625 0.09765625
0 0.7890625 0.212890625 0.1171875 0.27734375