1 0.369140625 0.05078125 0.21484375 0.1015625
1 0.638671875 0.08984375 0.17578125 0.171875
1 0.439453125 0.2109375 0.26953125 0.2109375
1 0.685546875 0.5 0.39453125 0.2890625
1 0.158203125 0.5 0.27734375 0.359375
1 0.400390625 0.5078125 0.14453125 0.265625
1 0.546875 0.841796875 0.1796875 0.31640625
1 0.865234375 0.833984375 0.26953125 0.33203125
1 0.708984375 0.94140625 0.10546875 0.0703125
1 0.38671875 0.701171875 0.1171875 0.07421875
1 0.287109375 0.833984375 0.12890625 0.19921875
1 0.443359375 0.875 0.08984375 0.0703125