0 0.564453125 0.232421875 0.16796875 0.28515625
0 0.517578125 0.50390625 0.14453125 0.25
0 0.482421875 0.7734375 0.11328125 0.28125
0 0.423828125 0.5 0.04296875 0.078125
0 0.748046875 0.380859375 0.07421875 0.07421875
0 0.966796875 0.47265625 0.06640625 0.0859375
0 0.267578125 0.732421875 0.04296875 0.08203125
0 0.185546875 0.77734375 0.05078125 0.03125
0 0.154296875 0.8671875 0.05078125 0.03125
0 0.1015625 0.9375 0.1015625 0.0390625
0 0.015625 0.46875 0.03125 0.0625
0 0.705078125 0.03125 0.05859375 0.0625
0 0.810546875 0.083984375 0.05859375 0.16796875
0 0.779296875 0.26953125 0.08203125 0.1171875
0 0.265625 0.076171875 0.0625 0.06640625
0 0.69921875 0.53125 0.0390625 0.1875
0 0.90625 0.5625 0.1171875 0.0859375
0 0.982421875 0.400390625 0.03515625 0.05859375