1 0.5 0.73046875 0.0390625 0.0703125
1 0.62109375 0.8125 0.1484375 0.2578125
1 0.427734375 0.08203125 0.26953125 0.140625
1 0.154296875 0.1875 0.26953125 0.25
1 0.658203125 0.40625 0.18359375 0.546875
1 0.80859375 0.732421875 0.1171875 0.53515625
1 0.91015625 0.646484375 0.0859375 0.21484375
1 0.728515625 0.736328125 0.05859375 0.11328125
1 0.31640625 0.234375 0.0546875 0.171875
1 0.53125 0.21875 0.0703125 0.140625
1 0.369140625 0.40625 0.19921875 0.171875
1 0.51953125 0.439453125 0.09375 0.11328125
1 0.455078125 0.548828125 0.22265625 0.11328125
1 0.392578125 0.712890625 0.08203125 0.21484375
1 0.3046875 0.91015625 0.2578125 0.1796875
1 0.32421875 0.78125 0.0546875 0.078125