0 0.59765625 0.2421875 0.140625 0.3515625
0 0.576171875 0.58203125 0.11328125 0.3359375
0 0.66015625 0.642578125 0.0625 0.09765625
0 0.810546875 0.748046875 0.06640625 0.11328125
0 0.87109375 0.880859375 0.0546875 0.23828125
0 0.328125 0.236328125 0.1328125 0.08203125
0 0.3359375 0.33984375 0.109375 0.0390625
0 0.298828125 0.408203125 0.05078125 0.02734375
0 0.466796875 0.43359375 0.06640625 0.15625
0 0.2734375 0.4765625 0.0703125 0.0546875
0 0.341796875 0.509765625 0.05859375 0.04296875
0 0.4609375 0.7578125 0.078125 0.46875
0 0.359375 0.59375 0.03125 0.046875
0 0.48828125 0.02734375 0.3046875 0.0390625
0 0.435546875 0.09765625 0.05859375 0.0390625
0 0.341796875 0.08984375 0.06640625 0.03125
0 0.505859375 0.109375 0.03515625 0.0390625
0 0.306640625 0.162109375 0.02734375 0.05078125
0 0.4140625 0.158203125 0.0546875 0.05078125
0 0.451171875 0.228515625 0.08203125 0.06640625
0 0.73046875 0.20703125 0.125 0.4140625
0 0.21484375 0.408203125 0.0703125 0.03515625
0 0.181640625 0.54296875 0.09765625 0.0390625
0 0.23828125 0.345703125 0.046875 0.06640625
0 0.255859375 0.7109375 0.04296875 0.0390625
0 0.2734375 0.759765625 0.046875 0.01953125
0 0.279296875 0.87109375 0.03515625 0.0390625
0 0.33984375 0.810546875 0.0546875 0.02734375
0 0.755859375 0.662109375 0.03515625 0.03515625
0 0.748046875 0.43359375 0.11328125 0.03125
0 0.7890625 0.8828125 0.109375 0.1484375
0 0.107421875 0.640625 0.04296875 0.078125
0 0.140625 0.79296875 0.0703125 0.03125
0 0.685546875 0.5390625 0.08984375 0.09375
0 0.818359375 0.578125 0.07421875 0.203125