0 0.724609375 0.8671875 0.21484375 0.265625
0 0.744140625 0.36328125 0.12109375 0.1953125
0 0.798828125 0.494140625 0.10546875 0.08984375
0 0.841796875 0.568359375 0.12109375 0.07421875
0 0.89453125 0.63671875 0.1015625 0.0546875
0 0.935546875 0.693359375 0.09765625 0.05078125
0 0.572265625 0.3515625 0.11328125 0.1015625
0 0.580078125 0.458984375 0.08203125 0.11328125
0 0.21875 0.091796875 0.109375 0.16796875
0 0.29296875 0.169921875 0.0390625 0.14453125
0 0.38671875 0.04296875 0.0703125 0.0859375
0 0.421875 0.1171875 0.0625 0.0625
0 0.36328125 0.271484375 0.09375 0.13671875
0 0.44140625 0.396484375 0.046875 0.14453125
0 0.4765625 0.509765625 0.046875 0.08984375
0 0.509765625 0.611328125 0.04296875 0.12109375
0 0.57421875 0.783203125 0.078125 0.12109375
0 0.55078125 0.673828125 0.03125 0.11328125
0 0.70703125 0.189453125 0.1171875 0.09765625
0 0.5078125 0.244140625 0.125 0.10546875
0 0.451171875 0.169921875 0.08203125 0.03515625
0 0.97265625 0.958984375 0.0546875 0.08203125
0 0.953125 0.78515625 0.09375 0.140625
0 0.607421875 0.587890625 0.06640625 0.08203125
0 0.638671875 0.6796875 0.05078125 0.109375
0 0.888671875 0.208984375 0.08984375 0.10546875
0 0.9375 0.322265625 0.109375 0.12890625
0 0.544921875 0.060546875 0.10546875 0.05078125
0 0.509765625 0.013671875 0.06640625 0.02734375
0 0.3125 0.033203125 0.0703125 0.06640625
0 0.46875 0.060546875 0.03125 0.02734375
0 0.52734375 0.150390625 0.0390625 0.05078125
0 0.65625 0.119140625 0.0859375 0.02734375
0 0.671875 0.265625 0.0703125 0.046875
0 0.740234375 0.55078125 0.07421875 0.03125
0 0.833984375 0.427734375 0.05859375 0.03515625