0 0.7578125 0.4375 0.2734375 0.8515625
0 0.513671875 0.486328125 0.14453125 0.73046875
0 0.384765625 0.263671875 0.03515625 0.18359375
0 0.25 0.33203125 0.078125 0.09375
0 0.234375 0.45703125 0.078125 0.0703125
0 0.23046875 0.55859375 0.046875 0.0625
0 0.3203125 0.69140625 0.0859375 0.3046875
0 0.166015625 0.771484375 0.03515625 0.07421875
0 0.15234375 0.90625 0.0703125 0.015625
0 0.20703125 0.9765625 0.0703125 0.0390625
0 0.05859375 0.845703125 0.1171875 0.28515625
0 0.08203125 0.509765625 0.109375 0.13671875
0 0.05078125 0.1640625 0.078125 0.1640625
0 0.263671875 0.080078125 0.05859375 0.09765625
0 0.333984375 0.01953125 0.05859375 0.03125
0 0.625 0.9140625 0.0703125 0.0859375