0 0.255859375 0.85546875 0.04296875 0.0625
0 0.17578125 0.939453125 0.0390625 0.03515625
0 0.244140625 0.96484375 0.02734375 0.03125
0 0.384765625 0.853515625 0.09765625 0.27734375
0 0.05078125 0.845703125 0.1015625 0.10546875
0 0.06640625 0.94921875 0.1328125 0.1015625
0 0.2109375 0.34765625 0.4140625 0.6953125
0 0.234375 0.736328125 0.0625 0.04296875
0 0.080078125 0.744140625 0.10546875 0.05859375
0 0.158203125 0.74609375 0.04296875 0.0625
0 0.587890625 0.484375 0.19140625 0.6796875
0 0.76171875 0.9140625 0.4765625 0.171875
0 0.896484375 0.599609375 0.09765625 0.44921875
0 0.974609375 0.666015625 0.05078125 0.31640625
0 0.765625 0.69140625 0.1484375 0.2578125
0 0.736328125 0.478515625 0.09765625 0.08984375
0 0.869140625 0.216796875 0.26171875 0.30859375
0 0.705078125 0.193359375 0.05078125 0.38671875
0 0.470703125 0.228515625 0.03515625 0.07421875
0 0.474609375 0.146484375 0.05859375 0.05078125
0 0.55859375 0.041015625 0.234375 0.08203125
0 0.7734375 0.02734375 0.0859375 0.0546875
0 0.958984375 0.03125 0.08203125 0.0625