2 0.748046875 0.501953125 0.43359375 0.99609375
2 0.123046875 0.294921875 0.12109375 0.55078125
2 0.275390625 0.185546875 0.05859375 0.12109375
2 0.20703125 0.1484375 0.0859375 0.234375
2 0.404296875 0.13671875 0.15234375 0.2734375
2 0.125 0.734375 0.1484375 0.2578125
2 0.24609375 0.80859375 0.0546875 0.078125
2 0.369140625 0.720703125 0.06640625 0.10546875
2 0.46875 0.677734375 0.125 0.10546875
2 0.462890625 0.8828125 0.12109375 0.078125
2 0.478515625 0.818359375 0.05859375 0.05859375
2 0.283203125 0.96484375 0.32421875 0.0703125
2 0.33984375 0.90625 0.03125 0.1015625
2 0.26953125 0.349609375 0.0859375 0.09765625
2 0.51953125 0.599609375 0.0546875 0.07421875
2 0.517578125 0.76953125 0.02734375 0.0390625