1 0.30859375 0.044921875 0.125 0.05859375
1 0.263671875 0.201171875 0.05078125 0.11328125
1 0.142578125 0.197265625 0.08984375 0.09765625
1 0.2109375 0.12890625 0.0390625 0.03125
1 0.59375 0.341796875 0.109375 0.16796875
1 0.677734375 0.5625 0.12109375 0.1796875
1 0.521484375 0.501953125 0.07421875 0.13671875
1 0.52734375 0.365234375 0.03125 0.06640625
1 0.419921875 0.375 0.11328125 0.0703125
1 0.287109375 0.4453125 0.08203125 0.0859375
1 0.234375 0.380859375 0.046875 0.02734375
1 0.416015625 0.580078125 0.05078125 0.05078125
1 0.271484375 0.587890625 0.17578125 0.12890625
1 0.67578125 0.142578125 0.046875 0.04296875
1 0.693359375 0.322265625 0.08203125 0.16015625
1 0.779296875 0.58984375 0.08203125 0.1640625
1 0.765625 0.8125 0.0390625 0.078125