2 0.80859375 0.10546875 0.125 0.2109375
2 0.876953125 0.400390625 0.12890625 0.38671875
2 0.69921875 0.357421875 0.0625 0.12890625
2 0.630859375 0.376953125 0.05078125 0.12890625
2 0.72265625 0.646484375 0.046875 0.08984375
2 0.65234375 0.927734375 0.0546875 0.14453125
2 0.798828125 0.9140625 0.06640625 0.171875
2 0.9296875 0.796875 0.0625 0.40625
2 0.44140625 0.419921875 0.0703125 0.16796875
2 0.41015625 0.6953125 0.1640625 0.34375
2 0.240234375 0.349609375 0.12109375 0.12890625
2 0.12890625 0.47265625 0.0859375 0.265625
2 0.560546875 0.162109375 0.04296875 0.05859375
2 0.298828125 0.9609375 0.07421875 0.078125
2 0.234375 0.08984375 0.0546875 0.1328125
2 0.361328125 0.107421875 0.05078125 0.21484375
2 0.31640625 0.25 0.046875 0.0703125
2 0.236328125 0.26171875 0.03515625 0.0390625
2 0.076171875 0.169921875 0.08203125 0.33984375