2 0.10546875 0.494140625 0.0625 0.98828125
2 0.376953125 0.611328125 0.08203125 0.21484375
2 0.50390625 0.76171875 0.0546875 0.1171875
2 0.529296875 0.572265625 0.06640625 0.08984375
2 0.96875 0.31640625 0.0625 0.15625
2 0.984375 0.111328125 0.03125 0.07421875
2 0.8125 0.423828125 0.0625 0.13671875
2 0.689453125 0.470703125 0.05859375 0.08984375
2 0.1875 0.203125 0.046875 0.0546875
2 0.19140625 0.27734375 0.0703125 0.0546875
2 0.74609375 0.072265625 0.078125 0.14453125
2 0.62109375 0.076171875 0.0703125 0.15234375
2 0.541015625 0.17578125 0.05859375 0.0625
2 0.9453125 0.9765625 0.078125 0.046875
2 0.96484375 0.859375 0.0703125 0.1328125
2 0.42578125 0.234375 0.0390625 0.046875
2 0.92578125 0.544921875 0.1484375 0.25390625
2 0.615234375 0.53515625 0.05078125 0.1328125
2 0.490234375 0.3828125 0.07421875 0.0546875
2 0.51171875 0.892578125 0.0625 0.05859375