2 0.84375 0.5 0.140625 1
2 0.16015625 0.44140625 0.125 0.3125
2 0.126953125 0.798828125 0.12109375 0.40234375
2 0.51953125 0.2578125 0.09375 0.515625
2 0.58984375 0.13671875 0.046875 0.2734375
2 0.72265625 0.10546875 0.0390625 0.2109375
2 0.666015625 0.1171875 0.05859375 0.1796875
2 0.33203125 0.154296875 0.2265625 0.30859375
2 0.119140625 0.263671875 0.08203125 0.04296875
2 0.09375 0.185546875 0.0546875 0.09765625
2 0.060546875 0.06640625 0.05859375 0.1328125
2 0.71484375 0.3671875 0.1171875 0.3125
2 0.609375 0.56640625 0.0859375 0.25
2 0.203125 0.087890625 0.03125 0.07421875
2 0.3828125 0.658203125 0.125 0.68359375
2 0.267578125 0.474609375 0.03515625 0.16015625
2 0.3046875 0.666015625 0.0234375 0.66796875
2 0.224609375 0.79296875 0.05078125 0.2578125
2 0.283203125 0.818359375 0.01953125 0.36328125
2 0.205078125 0.611328125 0.04296875 0.03515625
2 0.71875 0.654296875 0.046875 0.10546875
2 0.62890625 0.8828125 0.28125 0.234375
2 0.51171875 0.66015625 0.0859375 0.203125
2 0.73828125 0.744140625 0.0625 0.05859375