0 0.6640625 0.20703125 0.09375 0.2265625
0 0.572265625 0.328125 0.05859375 0.1484375
0 0.681640625 0.626953125 0.09765625 0.59765625
0 0.578125 0.87109375 0.046875 0.0859375
0 0.74609375 0.703125 0.03125 0.09375
0 0.474609375 0.400390625 0.05078125 0.05859375
0 0.37890625 0.4453125 0.0625 0.1328125
0 0.33203125 0.59765625 0.0390625 0.0625
0 0.388671875 0.779296875 0.06640625 0.06640625
0 0.291015625 0.8515625 0.04296875 0.1484375
0 0.2890625 0.21484375 0.140625 0.1484375
0 0.181640625 0.18359375 0.05859375 0.09375
0 0.13671875 0.4765625 0.0625 0.0859375
0 0.109375 0.6953125 0.15625 0.0625
0 0.115234375 0.833984375 0.12109375 0.17578125
0 0.263671875 0.63671875 0.04296875 0.2265625
0 0.3046875 0.478515625 0.0390625 0.06640625
0 0.046875 0.197265625 0.09375 0.39453125
0 0.14453125 0.05859375 0.0859375 0.1171875
0 0.431640625 0.150390625 0.08984375 0.06640625
0 0.580078125 0.029296875 0.05078125 0.05859375
0 0.435546875 0.044921875 0.05078125 0.05859375
0 0.294921875 0.0390625 0.06640625 0.078125
0 0.75390625 0.201171875 0.0625 0.22265625
0 0.77734375 0.875 0.0546875 0.2109375