1 0.11833333333333333 0.12777777777777777 0.23666666666666666 0.12
1 0.6283333333333333 0.1638888888888889 0.7433333333333333 0.20333333333333334
1 0.12666666666666668 0.2922222222222222 0.25333333333333335 0.15333333333333332
1 0.5983333333333334 0.3277777777777778 0.8033333333333333 0.15777777777777777
1 0.6004166666666667 0.5666666666666667 0.7991666666666667 0.3244444444444444
1 0.1075 0.5255555555555556 0.215 0.44
1 0.2175 0.43555555555555553 0.04 0.022222222222222223
1 0.03833333333333333 0.8327777777777777 0.045 0.06333333333333334
1 0.15041666666666667 0.8994444444444445 0.08083333333333333 0.10111111111111111
1 0.22 0.7872222222222223 0.06166666666666667 0.12333333333333334
1 0.3020833333333333 0.7938888888888889 0.12083333333333333 0.18555555555555556
1 0.42583333333333334 0.8116666666666666 0.17 0.19666666666666666
1 0.38666666666666666 0.745 0.015 0.03222222222222222
1 0.55375 0.7922222222222223 0.11083333333333334 0.2644444444444444
1 0.7979166666666667 0.7861111111111111 0.4041666666666667 0.19666666666666666
1 0.14916666666666667 0.7994444444444444 0.08333333333333333 0.04777777777777778
1 0.505 0.9672222222222222 0.99 0.06555555555555556
1 0.9354166666666667 0.9161111111111111 0.12916666666666668 0.03