1 0.478515625 0.255859375 0.94140625 0.44140625
1 0.232421875 0.73828125 0.46484375 0.5234375
1 0.591796875 0.5390625 0.17578125 0.125
1 0.572265625 0.634765625 0.05859375 0.05859375
1 0.841796875 0.599609375 0.05859375 0.05859375
1 0.798828125 0.68359375 0.04296875 0.0859375
1 0.705078125 0.6328125 0.05859375 0.0390625
1 0.765625 0.5703125 0.0546875 0.0390625
1 0.73046875 0.767578125 0.0703125 0.06640625
1 0.876953125 0.544921875 0.06640625 0.04296875
1 0.525390625 0.8984375 0.05859375 0.203125