2 0.080078125 0.78515625 0.16015625 0.1953125
2 0.345703125 0.95703125 0.16015625 0.0859375
2 0.84765625 0.681640625 0.265625 0.63671875
2 0.109375 0.236328125 0.21875 0.47265625
2 0.271484375 0.208984375 0.19140625 0.23046875
2 0.51171875 0.306640625 0.0859375 0.10546875
2 0.46484375 0.470703125 0.1640625 0.23046875
2 0.58984375 0.705078125 0.1484375 0.18359375
2 0.646484375 0.904296875 0.12109375 0.19140625
2 0.427734375 0.876953125 0.17578125 0.07421875
2 0.25 0.59375 0.15625 0.1484375
2 0.693359375 0.525390625 0.09765625 0.17578125
2 0.587890625 0.41796875 0.08984375 0.140625
2 0.69921875 0.3984375 0.0546875 0.125
2 0.392578125 0.224609375 0.08203125 0.07421875
2 0.2265625 0.884765625 0.0625 0.16015625
2 0.37890625 0.78125 0.0625 0.0859375
2 0.04296875 0.5703125 0.0859375 0.078125
2 0.2734375 0.380859375 0.15625 0.15234375
2 0.1171875 0.96484375 0.0859375 0.0625