2 0.10411311053984576 0.568649885583524 0.20822622107969152 0.13501144164759726
2 0.04884318766066838 0.2665903890160183 0.09254498714652956 0.08466819221967964
2 0.14524421593830333 0.10755148741418764 0.07969151670951156 0.08237986270022883
2 0.39460154241645246 0.09725400457665904 0.15424164524421594 0.07093821510297482
2 0.7204370179948586 0.09496567505720824 0.09640102827763496 0.06636155606407322
2 0.4453727506426735 0.2608695652173913 0.6002570694087404 0.06864988558352403
2 0.36375321336760924 0.18192219679633867 0.4267352185089974 0.08924485125858124
2 0.9691516709511568 0.2459954233409611 0.061696658097686374 0.08924485125858124
2 0.7622107969151671 0.5034324942791762 0.2493573264781491 0.08237986270022883
2 0.45951156812339333 0.5995423340961098 0.060411311053984576 0.05491990846681922
2 0.6201799485861182 0.8203661327231121 0.2532133676092545 0.07551487414187644
2 0.8200514138817481 0.9393592677345538 0.2493573264781491 0.12128146453089245
2 0.6349614395886889 0.40503432494279173 0.18251928020565553 0.07322654462242563
2 0.6137532133676092 0.3318077803203661 0.2326478149100257 0.07322654462242563
2 0.8020565552699229 0.34782608695652173 0.04113110539845758 0.06407322654462243
2 0.243573264781491 0.43821510297482835 0.13753213367609254 0.07093821510297482
2 0.32904884318766064 0.3501144164759725 0.26735218508997427 0.10526315789473684