2 0.70703125 0.498046875 0.1796875 0.76171875
2 0.736328125 0.97265625 0.08984375 0.0546875
2 0.880859375 0.91796875 0.09765625 0.1640625
2 0.8359375 0.232421875 0.078125 0.46484375
2 0.873046875 0.638671875 0.05859375 0.36328125
2 0.673828125 0.041015625 0.04296875 0.05078125
2 0.556640625 0.05859375 0.05859375 0.1171875
2 0.517578125 0.189453125 0.03515625 0.05078125
2 0.154296875 0.240234375 0.08984375 0.48046875
2 0.091796875 0.779296875 0.06640625 0.44140625
2 0.13671875 0.5234375 0.109375 0.0703125
2 0.41015625 0.81640625 0.140625 0.1875
2 0.357421875 0.958984375 0.08984375 0.08203125
2 0.54296875 0.607421875 0.09375 0.78515625
2 0.283203125 0.1875 0.08203125 0.109375
2 0.234375 0.3125 0.0625 0.0703125
2 0.322265625 0.333984375 0.04296875 0.04296875
2 0.37109375 0.384765625 0.046875 0.17578125
2 0.34765625 0.626953125 0.078125 0.14453125
2 0.443359375 0.64453125 0.08984375 0.1484375
2 0.267578125 0.7109375 0.04296875 0.0703125
2 0.4609375 0.220703125 0.0390625 0.06640625
2 0.44921875 0.40234375 0.078125 0.171875
2 0.34375 0.494140625 0.0625 0.05078125
2 0.25 0.421875 0.046875 0.125
2 0.24609375 0.53125 0.0703125 0.0703125
2 0.453125 0.052734375 0.0390625 0.03515625