2 0.21484375 0.580078125 0.0703125 0.12890625
2 0.5859375 0.357421875 0.03125 0.10546875
2 0.474609375 0.2421875 0.04296875 0.2109375
2 0.66015625 0.90625 0.3359375 0.1875
2 0.05078125 0.41015625 0.1015625 0.1640625
2 0.146484375 0.927734375 0.04296875 0.13671875
2 0.64453125 0.64453125 0.296875 0.3359375
2 0.59765625 0.701171875 0.0390625 0.12109375
2 0.833984375 0.73046875 0.08203125 0.1640625
2 0.876953125 0.5703125 0.08984375 0.15625
2 0.94140625 0.2734375 0.1171875 0.4296875
2 0.408203125 0.78515625 0.03515625 0.109375
2 0.091796875 0.7421875 0.18359375 0.515625
2 0.65234375 0.96875 0.0546875 0.0546875
2 0.3046875 0.947265625 0.1015625 0.09765625
2 0.212890625 0.44140625 0.04296875 0.0546875