2 0.69140625 0.04296875 0.0390625 0.0859375
2 0.79296875 0.064453125 0.09375 0.12890625
2 0.892578125 0.140625 0.10546875 0.28125
2 0.78515625 0.236328125 0.046875 0.16015625
2 0.685546875 0.34765625 0.14453125 0.234375
2 0.4609375 0.8046875 0.109375 0.3515625
2 0.255859375 0.896484375 0.11328125 0.20703125
2 0.107421875 0.943359375 0.08203125 0.11328125
2 0.818359375 0.9140625 0.20703125 0.171875
2 0.89453125 0.486328125 0.1015625 0.12890625
2 0.6171875 0.833984375 0.125 0.33203125
2 0.673828125 0.595703125 0.01953125 0.08984375
2 0.927734375 0.380859375 0.00390625 0.00390625
2 0.232421875 0.611328125 0.02734375 0.07421875