2 0.4935064935064935 0.9229607250755287 0.12337662337662338 0.1540785498489426
2 0.5673701298701299 0.9501510574018127 0.0633116883116883 0.09969788519637462
2 0.6501623376623377 0.8882175226586103 0.08603896103896104 0.09063444108761329
2 0.7248376623376623 0.9818731117824774 0.040584415584415584 0.03625377643504532
2 0.8108766233766234 0.9516616314199395 0.08603896103896104 0.09667673716012085
2 0.7832792207792207 0.8398791540785498 0.10551948051948051 0.13293051359516617
2 0.663961038961039 0.7719033232628398 0.1038961038961039 0.0755287009063444
2 0.9237012987012987 0.7915407854984894 0.1525974025974026 0.09667673716012085
2 0.9415584415584416 0.6933534743202417 0.10064935064935066 0.16012084592145015
2 0.9155844155844156 0.47583081570996977 0.16883116883116883 0.08761329305135952
2 0.3474025974025974 0.851963746223565 0.237012987012987 0.229607250755287
2 0.19237012987012986 0.8036253776435045 0.1314935064935065 0.1027190332326284
2 0.07061688311688312 0.7824773413897281 0.08603896103896104 0.1933534743202417
2 0.06168831168831169 0.48489425981873113 0.07142857142857142 0.13595166163141995
2 0.17694805194805194 0.6570996978851964 0.07792207792207792 0.1299093655589124
2 0.273538961038961 0.6435045317220544 0.07305194805194805 0.09063444108761329
2 0.35633116883116883 0.6465256797583081 0.0698051948051948 0.054380664652567974
2 0.43912337662337664 0.5861027190332326 0.07954545454545454 0.24169184290030213
2 0.3409090909090909 0.5332326283987915 0.10064935064935066 0.14803625377643503
2 0.7094155844155844 0.5981873111782477 0.08116883116883117 0.2175226586102719
2 0.8189935064935064 0.5830815709969789 0.15422077922077923 0.229607250755287
2 0.5787337662337663 0.5936555891238671 0.12175324675324675 0.0755287009063444
2 0.6737012987012987 0.4486404833836858 0.23376623376623376 0.25075528700906347
2 0.31737012987012986 0.22205438066465258 0.336038961038961 0.10574018126888217
2 0.15827922077922077 0.33081570996978854 0.3068181818181818 0.28700906344410876
2 0.5746753246753247 0.1299093655589124 0.8506493506493507 0.2598187311178248
2 0.6891233766233766 0.283987915407855 0.1672077922077922 0.17522658610271905
2 0.8863636363636364 0.4607250755287009 0.16883116883116883 0.22054380664652568
2 0.16314935064935066 0.4909365558912387 0.060064935064935064 0.1299093655589124
2 0.49594155844155846 0.5906344410876133 0.13474025974025974 0.2084592145015106
2 0.8717532467532467 0.9758308157099698 0.06493506493506493 0.04833836858006042
2 0.9821428571428571 0.9395770392749244 0.03571428571428571 0.12084592145015106
2 0.12987012987012986 0.16767371601208458 0.06818181818181818 0.1299093655589124