1 0.5546875 0.482421875 0.0859375 0.14453125
1 0.271484375 0.646484375 0.44921875 0.23828125
1 0.283203125 0.787109375 0.42578125 0.04296875
1 0.2734375 0.90625 0.2265625 0.1875
1 0.2109375 0.24609375 0.3359375 0.3828125
1 0.751953125 0.568359375 0.06640625 0.05078125
1 0.65625 0.6640625 0.1640625 0.078125
1 0.78515625 0.787109375 0.046875 0.05859375
1 0.7734375 0.966796875 0.0625 0.06640625
1 0.91796875 0.6484375 0.0859375 0.078125
1 0.384765625 0.484375 0.13671875 0.0859375
1 0.66796875 0.30078125 0.296875 0.1796875
1 0.5 0.12890625 0.2421875 0.1015625
1 0.6953125 0.458984375 0.0625 0.12890625
1 0.873046875 0.544921875 0.05078125 0.10546875
1 0.81640625 0.498046875 0.046875 0.03515625
1 0.806640625 0.552734375 0.02734375 0.07421875
1 0.875 0.42578125 0.1484375 0.0625
1 0.859375 0.74609375 0.0546875 0.046875
1 0.453125 0.248046875 0.0625 0.12890625