1 0.173828125 0.654296875 0.34765625 0.42578125
1 0.421875 0.076171875 0.125 0.15234375
1 0.19921875 0.36328125 0.1171875 0.1484375
1 0.59765625 0.36328125 0.1640625 0.2109375
1 0.67578125 0.1953125 0.1875 0.09375
1 0.83203125 0.05078125 0.203125 0.1015625
1 0.513671875 0.763671875 0.29296875 0.47265625
1 0.416015625 0.4375 0.08203125 0.09375
1 0.2734375 0.201171875 0.1953125 0.10546875
1 0.05859375 0.1875 0.1171875 0.265625
1 0.830078125 0.34765625 0.15234375 0.1640625
1 0.50390625 0.234375 0.046875 0.0390625
1 0.701171875 0.08203125 0.05859375 0.078125