2 0.591796875 0.515625 0.13671875 0.4921875
2 0.6953125 0.6015625 0.1328125 0.1171875
2 0.845703125 0.724609375 0.12109375 0.16796875
2 0.73046875 0.0859375 0.1171875 0.171875
2 0.25 0.474609375 0.1171875 0.14453125
2 0.1875 0.20703125 0.078125 0.140625
2 0.103515625 0.392578125 0.15234375 0.12109375
2 0.28125 0.861328125 0.078125 0.12109375
2 0.193359375 0.6953125 0.09765625 0.15625
2 0.271484375 0.728515625 0.08203125 0.06640625
2 0.099609375 0.5859375 0.07421875 0.109375
2 0.16015625 0.564453125 0.078125 0.12109375
2 0.02734375 0.57421875 0.0390625 0.15625
2 0.07421875 0.716796875 0.0546875 0.05078125
2 0.375 0.32421875 0.0625 0.0625
2 0.302734375 0.3984375 0.12109375 0.0546875
2 0.349609375 0.4765625 0.08984375 0.03125
2 0.447265625 0.38671875 0.06640625 0.09375
2 0.4140625 0.572265625 0.0625 0.03515625
2 0.29296875 0.9765625 0.078125 0.046875
2 0.412109375 0.853515625 0.08203125 0.10546875
2 0.634765625 0.84375 0.10546875 0.078125
2 0.3203125 0.236328125 0.0859375 0.11328125
2 0.21484375 0.0390625 0.0703125 0.078125
2 0.591796875 0.03125 0.35546875 0.0625
2 0.556640625 0.1640625 0.08203125 0.0390625
2 0.35546875 0.138671875 0.1328125 0.09765625
2 0.462890625 0.28515625 0.12109375 0.0625
2 0.044921875 0.232421875 0.08984375 0.08203125
2 0.169921875 0.08984375 0.12890625 0.09375
2 0.376953125 0.732421875 0.08203125 0.16796875
2 0.642578125 0.953125 0.06640625 0.09375
2 0.923828125 0.923828125 0.05078125 0.15234375
2 0.07421875 0.947265625 0.0703125 0.10546875