2 0.828125 0.080078125 0.0390625 0.13671875
2 0.84375 0.2109375 0.0625 0.1328125
2 0.87109375 0.3203125 0.0625 0.1015625
2 0.87109375 0.431640625 0.0546875 0.12890625
2 0.888671875 0.53125 0.05078125 0.09375
2 0.91796875 0.62109375 0.046875 0.078125
2 0.90625 0.705078125 0.0703125 0.07421875
2 0.8828125 0.78125 0.0703125 0.078125
2 0.865234375 0.859375 0.06640625 0.078125
2 0.8515625 0.955078125 0.0546875 0.08203125
2 0.53125 0.095703125 0.125 0.19140625
2 0.322265625 0.029296875 0.04296875 0.04296875
2 0.23828125 0.01953125 0.046875 0.03125
2 0.173828125 0.021484375 0.02734375 0.04296875
2 0.1171875 0.017578125 0.046875 0.03515625
2 0.0234375 0.072265625 0.046875 0.08203125
2 0.09765625 0.087890625 0.0546875 0.06640625
2 0.236328125 0.095703125 0.04296875 0.04296875
2 0.296875 0.05859375 0.0234375 0.0390625
2 0.052734375 0.150390625 0.05078125 0.05078125
2 0.205078125 0.169921875 0.05859375 0.05859375
2 0.1171875 0.201171875 0.0625 0.08984375
2 0.1796875 0.23046875 0.0390625 0.046875
2 0.2421875 0.27734375 0.0703125 0.1171875
2 0.5078125 0.212890625 0.0390625 0.03515625
2 0.0703125 0.423828125 0.0703125 0.21484375
2 0.126953125 0.36328125 0.03515625 0.03125
2 0.197265625 0.486328125 0.03515625 0.18359375
2 0.34375 0.255859375 0.046875 0.03515625
2 0.259765625 0.396484375 0.05859375 0.10546875
2 0.390625 0.3671875 0.0390625 0.1015625
2 0.3671875 0.466796875 0.046875 0.11328125
2 0.611328125 0.2734375 0.03515625 0.109375
2 0.6875 0.37109375 0.03125 0.09375
2 0.609375 0.38671875 0.046875 0.125
2 0.603515625 0.50390625 0.04296875 0.1328125
2 0.58203125 0.64453125 0.046875 0.140625
2 0.55859375 0.7421875 0.03125 0.0703125
2 0.78125 0.54296875 0.046875 0.0546875
2 0.61328125 0.77734375 0.0546875 0.0703125
2 0.5 0.61328125 0.078125 0.125
2 0.396484375 0.548828125 0.06640625 0.07421875
2 0.310546875 0.548828125 0.01953125 0.04296875
2 0.26171875 0.5859375 0.03125 0.0703125
2 0.083984375 0.5546875 0.05078125 0.0390625
2 0.021484375 0.66796875 0.04296875 0.140625
2 0.076171875 0.669921875 0.03515625 0.05078125
2 0.705078125 0.947265625 0.07421875 0.04296875
2 0.412109375 0.71875 0.12109375 0.0703125
2 0.375 0.8125 0.078125 0.1484375
2 0.490234375 0.787109375 0.09765625 0.05078125
2 0.470703125 0.869140625 0.10546875 0.08203125
2 0.056640625 0.755859375 0.05078125 0.03515625
2 0.150390625 0.73046875 0.05859375 0.0625
2 0.34765625 0.6484375 0.0546875 0.046875
2 0.310546875 0.7109375 0.07421875 0.0390625
2 0.28515625 0.873046875 0.078125 0.25390625
2 0.19140625 0.880859375 0.09375 0.18359375
2 0.0625 0.822265625 0.1171875 0.05859375
2 0.06640625 0.90625 0.125 0.09375
2 0.3515625 0.921875 0.0390625 0.0390625
2 0.52734375 0.49609375 0.03125 0.0390625
2 0.5625 0.970703125 0.03125 0.03515625
2 0.5078125 0.955078125 0.046875 0.02734375
2 0.673828125 0.79296875 0.05859375 0.0234375
2 0.271484375 0.1796875 0.05859375 0.0625