0 0.603515625 0.2578125 0.15234375 0.2578125
0 0.58984375 0.498046875 0.125 0.22265625
0 0.669921875 0.541015625 0.03515625 0.14453125
0 0.646484375 0.666015625 0.14453125 0.11328125
0 0.693359375 0.79296875 0.12109375 0.140625
0 0.26953125 0.154296875 0.0703125 0.04296875
0 0.427734375 0.634765625 0.05859375 0.07421875
0 0.421875 0.939453125 0.4453125 0.12109375
0 0.484375 0.8515625 0.0859375 0.0625
0 0.306640625 0.814453125 0.04296875 0.04296875
0 0.798828125 0.935546875 0.30859375 0.12890625
0 0.921875 0.7734375 0.0625 0.1875
0 0.15625 0.890625 0.0703125 0.0390625
0 0.169921875 0.974609375 0.03515625 0.04296875
0 0.353515625 0.5703125 0.05859375 0.0546875
0 0.1796875 0.689453125 0.0234375 0.03515625
0 0.26171875 0.69921875 0.03125 0.046875
0 0.095703125 0.0234375 0.04296875 0.046875
0 0.119140625 0.17578125 0.05078125 0.046875
0 0.896484375 0.169921875 0.04296875 0.04296875
0 0.537109375 0.66796875 0.03515625 0.046875