2 0.462890625 0.669921875 0.10546875 0.21484375
2 0.5703125 0.6640625 0.09375 0.1875
2 0.64453125 0.427734375 0.203125 0.25390625
2 0.931640625 0.58203125 0.13671875 0.3828125
2 0.951171875 0.20703125 0.08203125 0.4140625
2 0.80078125 0.3046875 0.0625 0.0625
2 0.59375 0.875 0.171875 0.1875
2 0.673828125 0.63671875 0.07421875 0.125
2 0.708984375 0.498046875 0.05859375 0.04296875
2 0.802734375 0.44140625 0.04296875 0.0625
2 0.830078125 0.3359375 0.06640625 0.078125
2 0.857421875 0.22265625 0.08203125 0.0703125
2 0.55078125 0.166015625 0.1015625 0.33203125
2 0.736328125 0.076171875 0.09765625 0.15234375
2 0.724609375 0.267578125 0.07421875 0.09765625
2 0.341796875 0.67578125 0.09765625 0.078125
2 0.32421875 0.89453125 0.0625 0.140625
2 0.181640625 0.861328125 0.15234375 0.12109375
2 0.216796875 0.98046875 0.11328125 0.0390625
2 0.107421875 0.6640625 0.04296875 0.0625
2 0.111328125 0.546875 0.05078125 0.0703125
2 0.05859375 0.421875 0.0546875 0.0703125
2 0.158203125 0.2578125 0.08203125 0.0546875
2 0.1015625 0.21484375 0.0859375 0.0390625
2 0.390625 0.517578125 0.09375 0.10546875
2 0.26953125 0.60546875 0.0546875 0.15625
2 0.263671875 0.751953125 0.08203125 0.06640625
2 0.025390625 0.732421875 0.05078125 0.06640625
2 0.32421875 0.255859375 0.0703125 0.11328125
2 0.416015625 0.10546875 0.08984375 0.1640625
2 0.640625 0.103515625 0.0859375 0.12109375
2 0.271484375 0.4375 0.09765625 0.1875
2 0.162109375 0.478515625 0.06640625 0.07421875
2 0.861328125 0.015625 0.05859375 0.03125
2 0.83203125 0.7734375 0.078125 0.140625