2 0.583984375 0.310546875 0.11328125 0.26953125
2 0.275390625 0.037109375 0.05078125 0.03515625
2 0.228515625 0.09375 0.05859375 0.0703125
2 0.146484375 0.1875 0.05078125 0.0625
2 0.76953125 0.03515625 0.0546875 0.0703125
2 0.73046875 0.115234375 0.0390625 0.05078125
2 0.845703125 0.173828125 0.06640625 0.12109375
2 0.775390625 0.28515625 0.04296875 0.1015625
2 0.9296875 0.0625 0.0859375 0.125
2 0.658203125 0.056640625 0.01953125 0.04296875
2 0.53125 0.072265625 0.09375 0.14453125
2 0.595703125 0.130859375 0.03515625 0.02734375
2 0.41796875 0.158203125 0.0390625 0.13671875
2 0.462890625 0.16796875 0.02734375 0.0703125
2 0.3671875 0.24609375 0.0703125 0.0703125
2 0.478515625 0.375 0.08984375 0.1796875
2 0.27734375 0.490234375 0.0703125 0.08984375
2 0.318359375 0.369140625 0.05078125 0.07421875
2 0.220703125 0.35546875 0.07421875 0.0859375
2 0.21875 0.208984375 0.0234375 0.04296875
2 0.150390625 0.55859375 0.09765625 0.3046875
2 0.138671875 0.310546875 0.04296875 0.18359375
2 0.123046875 0.85546875 0.08203125 0.2890625
2 0.509765625 0.6328125 0.14453125 0.1875
2 0.724609375 0.53125 0.05859375 0.0859375
2 0.248046875 0.623046875 0.08984375 0.10546875
2 0.400390625 0.681640625 0.06640625 0.20703125
2 0.283203125 0.744140625 0.09765625 0.12109375
2 0.234375 0.8984375 0.0546875 0.09375
2 0.326171875 0.900390625 0.08203125 0.05078125
2 0.404296875 0.984375 0.05078125 0.03125
2 0.296875 0.978515625 0.09375 0.04296875
2 0.615234375 0.720703125 0.03515625 0.05078125
2 0.52734375 0.7578125 0.0546875 0.0546875
2 0.6953125 0.36328125 0.0703125 0.0859375
2 0.638671875 0.533203125 0.07421875 0.08984375
2 0.44140625 0.498046875 0.078125 0.07421875