1 0.25203915171288743 0.11642857142857142 0.2234910277324633 0.1957142857142857
1 0.18107667210440456 0.30857142857142855 0.21533442088091354 0.17142857142857143
1 0.17781402936378465 0.5235714285714286 0.21533442088091354 0.2642857142857143
1 0.43882544861337686 0.02857142857142857 0.1370309951060359 0.05714285714285714
1 0.636215334420881 0.21714285714285714 0.466557911908646 0.28285714285714286
1 0.6150081566068516 0.05071428571428571 0.11092985318107668 0.09
1 0.7528548123980424 0.015714285714285715 0.0636215334420881 0.03142857142857143
1 0.8572593800978793 0.025714285714285714 0.0766721044045677 0.05142857142857143
1 0.3376835236541599 0.42642857142857143 0.13376835236541598 0.2985714285714286
1 0.6876019575856444 0.43142857142857144 0.25938009787928223 0.23714285714285716
1 0.4535073409461664 0.46285714285714286 0.21533442088091354 0.2571428571428571
1 0.35807504078303426 0.6092857142857143 0.12887438825448613 0.13
1 0.25774877650897227 0.6878571428571428 0.14355628058727568 0.1957142857142857
1 0.17455138662316477 0.7578571428571429 0.08482871125611746 0.11
1 0.38580750407830344 0.7171428571428572 0.3572593800978793 0.3028571428571429
1 0.7381729200652528 0.6121428571428571 0.13866231647634583 0.17857142857142858
1 0.5962479608482871 0.6142857142857143 0.0766721044045677 0.16
1 0.8874388254486134 0.5592857142857143 0.04241435562805873 0.17285714285714285
1 0.9143556280587276 0.8428571428571429 0.12234910277324633 0.3142857142857143
1 0.6623164763458401 0.725 0.18923327895595432 0.30142857142857143
1 0.800978792822186 0.8607142857142858 0.09135399673735727 0.18714285714285714
1 0.23246329526916804 0.94 0.0929853181076672 0.12
1 0.35889070146818924 0.9678571428571429 0.09135399673735727 0.06428571428571428
1 0.4763458401305057 0.9621428571428572 0.08809135399673736 0.07571428571428572
1 0.601957585644372 0.9614285714285714 0.09135399673735727 0.07714285714285714
1 0.7145187601957586 0.9571428571428572 0.2544861337683524 0.08571428571428572