2 0.130859375 0.609375 0.16015625 0.46875
2 0.197265625 0.193359375 0.14453125 0.24609375
2 0.30859375 0.357421875 0.0546875 0.19140625
2 0.259765625 0.505859375 0.04296875 0.09765625
2 0.376953125 0.57421875 0.05859375 0.453125
2 0.27734375 0.73046875 0.0859375 0.2265625
2 0.91015625 0.3671875 0.1796875 0.5859375
2 0.93359375 0.791015625 0.1328125 0.26953125
2 0.76171875 0.8828125 0.109375 0.234375
2 0.62109375 0.880859375 0.171875 0.23828125
2 0.630859375 0.60546875 0.12109375 0.3125
2 0.75 0.2734375 0.0625 0.2265625
2 0.55859375 0.07421875 0.140625 0.1484375
2 0.53125 0.23828125 0.09375 0.171875
2 0.505859375 0.453125 0.08984375 0.265625
2 0.48046875 0.662109375 0.078125 0.14453125
2 0.45703125 0.8671875 0.0625 0.109375
2 0.408203125 0.916015625 0.04296875 0.10546875
2 0.73828125 0.046875 0.15625 0.09375