2 0.642578125 0.279296875 0.46484375 0.55859375
2 0.859375 0.849609375 0.1953125 0.30078125
2 0.890625 0.630859375 0.0625 0.13671875
2 0.779296875 0.662109375 0.04296875 0.03515625
2 0.75390625 0.60546875 0.0234375 0.0390625
2 0.65234375 0.64453125 0.1640625 0.1796875
2 0.720703125 0.91796875 0.02734375 0.046875
2 0.505859375 0.865234375 0.31640625 0.26953125
2 0.3203125 0.64453125 0.4921875 0.171875
2 0.14453125 0.865234375 0.1640625 0.26953125
2 0.30859375 0.75390625 0.078125 0.046875
2 0.2421875 0.279296875 0.34375 0.55859375