0 0.728515625 0.083984375 0.08203125 0.16796875
0 0.572265625 0.14453125 0.17578125 0.2890625
0 0.533203125 0.40625 0.15234375 0.2265625
0 0.490234375 0.578125 0.12890625 0.109375
0 0.462890625 0.732421875 0.12890625 0.19921875
0 0.416015625 0.916015625 0.10546875 0.16796875
0 0.65625 0.908203125 0.125 0.18359375
0 0.32421875 0.056640625 0.109375 0.11328125
0 0.146484375 0.162109375 0.07421875 0.32421875
0 0.126953125 0.447265625 0.11328125 0.24609375
0 0.07421875 0.64453125 0.1171875 0.1484375
0 0.04296875 0.81640625 0.0859375 0.1875
0 0.03125 0.9765625 0.0625 0.046875
0 0.912109375 0.16015625 0.17578125 0.3203125
0 0.58984375 0.662109375 0.03125 0.05859375
0 0.287109375 0.22265625 0.04296875 0.03125
0 0.41015625 0.232421875 0.1015625 0.05078125
0 0.427734375 0.296875 0.04296875 0.0625
0 0.236328125 0.408203125 0.11328125 0.07421875
0 0.365234375 0.451171875 0.04296875 0.03515625
0 0.267578125 0.77734375 0.06640625 0.0390625
0 0.29296875 0.833984375 0.046875 0.01953125
0 0.802734375 0.447265625 0.10546875 0.23828125
0 0.708984375 0.53515625 0.05078125 0.0546875