0 0.333984375 0.041015625 0.07421875 0.08203125
0 0.419921875 0.220703125 0.18359375 0.08203125
0 0.3515625 0.302734375 0.03125 0.02734375
0 0.369140625 0.400390625 0.14453125 0.12890625
0 0.140625 0.4921875 0.28125 0.984375
0 0.439453125 0.736328125 0.29296875 0.52734375
0 0.677734375 0.708984375 0.18359375 0.50390625
0 0.857421875 0.3203125 0.16015625 0.625
0 0.587890625 0.080078125 0.23828125 0.05078125
0 0.5859375 0.287109375 0.1484375 0.36328125
0 0.71875 0.349609375 0.0859375 0.15234375
0 0.494140625 0.361328125 0.05078125 0.20703125
0 0.423828125 0.291015625 0.03515625 0.04296875
0 0.654296875 0.029296875 0.23828125 0.05859375