1 0.091796875 0.318359375 0.18359375 0.58984375
1 0.294921875 0.26171875 0.14453125 0.171875
1 0.375 0.3828125 0.0546875 0.0703125
1 0.267578125 0.69140625 0.16015625 0.6171875
1 0.16015625 0.66796875 0.0625 0.0546875
1 0.07421875 0.677734375 0.0546875 0.03515625
1 0.021484375 0.78515625 0.04296875 0.0546875
1 0.103515625 0.884765625 0.15234375 0.08984375
1 0.4140625 0.9453125 0.125 0.109375
1 0.513671875 0.38671875 0.11328125 0.1640625
1 0.55859375 0.857421875 0.125 0.28515625
1 0.6796875 0.8828125 0.1015625 0.234375
1 0.66796875 0.158203125 0.0625 0.07421875
1 0.638671875 0.330078125 0.14453125 0.24609375
1 0.59765625 0.689453125 0.046875 0.03515625
1 0.791015625 0.86328125 0.07421875 0.046875
1 0.75390625 0.951171875 0.046875 0.09765625
1 0.884765625 0.947265625 0.08984375 0.10546875
1 0.98046875 0.943359375 0.0390625 0.04296875
1 0.94140625 0.869140625 0.046875 0.05859375
1 0.951171875 0.779296875 0.04296875 0.05078125
1 0.669921875 0.537109375 0.05859375 0.05859375
1 0.69140625 0.64453125 0.046875 0.046875
1 0.724609375 0.732421875 0.05078125 0.05078125
1 0.3671875 0.626953125 0.0390625 0.06640625
1 0.8203125 0.771484375 0.1171875 0.08984375
1 0.791015625 0.6796875 0.05859375 0.046875
1 0.783203125 0.59375 0.04296875 0.03125
1 0.849609375 0.513671875 0.07421875 0.05078125
1 0.9765625 0.51171875 0.046875 0.0703125
1 0.859375 0.375 0.15625 0.109375
1 0.77734375 0.1640625 0.1328125 0.21875