0 0.26953125 0.71484375 0.5390625 0.546875
0 0.771484375 0.720703125 0.45703125 0.55859375
0 0.68359375 0.2109375 0.109375 0.1640625
0 0.486328125 0.263671875 0.16015625 0.34765625
0 0.63671875 0.353515625 0.0546875 0.05859375
0 0.837890625 0.404296875 0.32421875 0.05859375
0 0.546875 0.04296875 0.1640625 0.0859375
0 0.33203125 0.0390625 0.1171875 0.078125
0 0.2890625 0.16796875 0.109375 0.1640625
0 0.228515625 0.337890625 0.12109375 0.17578125
0 0.357421875 0.294921875 0.02734375 0.04296875
0 0.7890625 0.05859375 0.1328125 0.1171875
0 0.865234375 0.162109375 0.09765625 0.08203125
0 0.921875 0.255859375 0.125 0.10546875
0 0.96875 0.34375 0.0625 0.0625
0 0.38671875 0.166015625 0.0234375 0.12109375
0 0.599609375 0.171875 0.05859375 0.15625
0 0.62109375 0.423828125 0.078125 0.02734375
0 0.341796875 0.40234375 0.08984375 0.0703125