0 0.138671875 0.40625 0.11328125 0.1796875
0 0.0625 0.22265625 0.125 0.171875
0 0.162109375 0.037109375 0.16015625 0.07421875
0 0.54296875 0.3828125 0.2578125 0.171875
0 0.791015625 0.265625 0.23828125 0.4140625
0 0.337890625 0.833984375 0.12109375 0.22265625
0 0.630859375 0.74609375 0.32421875 0.5078125
0 0.263671875 0.44140625 0.07421875 0.1015625
0 0.2578125 0.25390625 0.0546875 0.0703125
0 0.408203125 0.0625 0.31640625 0.109375
0 0.912109375 0.71484375 0.17578125 0.265625
0 0.0546875 0.595703125 0.09375 0.09765625