0 0.40625 0.75 0.390625 0.5
0 0.451171875 0.13671875 0.07421875 0.1953125
0 0.591796875 0.103515625 0.14453125 0.20703125
0 0.546875 0.35546875 0.140625 0.2734375
0 0.373046875 0.326171875 0.06640625 0.08984375
0 0.1484375 0.068359375 0.25 0.11328125
0 0.16015625 0.2265625 0.140625 0.1953125
0 0.2890625 0.369140625 0.09375 0.24609375
0 0.20703125 0.412109375 0.0625 0.17578125
0 0.36328125 0.015625 0.03125 0.03125
0 0.453125 0.291015625 0.0703125 0.12890625
0 0.36328125 0.4765625 0.0859375 0.0390625
0 0.37109375 0.2421875 0.0625 0.0703125