2 0.859375 0.26953125 0.203125 0.5390625
2 0.6875 0.81640625 0.1484375 0.3671875
2 0.23828125 0.9453125 0.0859375 0.109375
2 0.32421875 0.78125 0.09375 0.1640625
2 0.412109375 0.947265625 0.07421875 0.07421875
2 0.251953125 0.681640625 0.11328125 0.16796875
2 0.14453125 0.53125 0.125 0.1875
2 0.083984375 0.791015625 0.14453125 0.26171875
2 0.1953125 0.22265625 0.09375 0.1484375
2 0.267578125 0.3515625 0.06640625 0.40625
2 0.31640625 0.078125 0.0546875 0.109375
2 0.34375 0.375 0.078125 0.2734375
2 0.416015625 0.416015625 0.10546875 0.18359375
2 0.390625 0.623046875 0.09375 0.12109375
2 0.4453125 0.77734375 0.0859375 0.234375
2 0.56640625 0.87890625 0.0625 0.1953125
2 0.548828125 0.58984375 0.06640625 0.1484375
2 0.5234375 0.423828125 0.0859375 0.13671875
2 0.474609375 0.26171875 0.09765625 0.3046875
2 0.703125 0.171875 0.109375 0.265625
2 0.17578125 0.8671875 0.0703125 0.0625
2 0.12109375 0.09765625 0.0546875 0.1328125