0 0.314453125 0.080078125 0.08984375 0.12890625
0 0.19140625 0.478515625 0.2734375 0.49609375
0 0.357421875 0.7890625 0.08984375 0.1484375
0 0.087890625 0.810546875 0.14453125 0.16015625
0 0.201171875 0.751953125 0.07421875 0.07421875
0 0.654296875 0.310546875 0.05078125 0.10546875
0 0.572265625 0.3125 0.12109375 0.203125
0 0.52734375 0.474609375 0.1171875 0.17578125
0 0.4921875 0.625 0.09375 0.1484375
0 0.439453125 0.76171875 0.03515625 0.140625
0 0.53125 0.8984375 0.0546875 0.1875
0 0.4296875 0.947265625 0.1171875 0.08984375
0 0.19140625 0.95703125 0.3046875 0.0703125
0 0.96484375 0.947265625 0.0703125 0.08984375
0 0.716796875 0.876953125 0.09765625 0.23828125
0 0.84765625 0.865234375 0.140625 0.10546875
0 0.84375 0.673828125 0.078125 0.08203125
0 0.68359375 0.6953125 0.0546875 0.0625
0 0.623046875 0.869140625 0.08203125 0.26171875
0 0.921875 0.29296875 0.0390625 0.1015625