2 0.396484375 0.123046875 0.23046875 0.23046875
2 0.44921875 0.91015625 0.0625 0.109375
2 0.279296875 0.849609375 0.07421875 0.12109375
2 0.921875 0.115234375 0.15625 0.23046875
2 0.708984375 0.853515625 0.09765625 0.07421875
2 0.9375 0.841796875 0.125 0.31640625
2 0.728515625 0.52734375 0.07421875 0.1171875
2 0.564453125 0.73828125 0.07421875 0.0703125
2 0.265625 0.408203125 0.1015625 0.42578125
2 0.375 0.470703125 0.109375 0.10546875
2 0.39453125 0.591796875 0.0703125 0.08984375
2 0.78515625 0.6640625 0.1328125 0.1796875
2 0.658203125 0.19921875 0.05078125 0.25
2 0.59765625 0.607421875 0.0546875 0.12109375
2 0.48046875 0.48046875 0.0546875 0.2109375
2 0.416015625 0.755859375 0.12890625 0.08203125
2 0.685546875 0.70703125 0.07421875 0.109375
2 0.546875 0.609375 0.0859375 0.09375
2 0.236328125 0.7265625 0.12890625 0.1796875
2 0.8125 0.298828125 0.078125 0.59765625
2 0.927734375 0.611328125 0.14453125 0.17578125