0 0.310546875 0.5 0.62109375 1
0 0.736328125 0.279296875 0.08203125 0.12890625
0 0.7265625 0.46484375 0.0625 0.078125
0 0.740234375 0.923828125 0.07421875 0.10546875
0 0.947265625 0.7734375 0.09765625 0.453125
0 0.818359375 0.873046875 0.08203125 0.10546875
0 0.841796875 0.333984375 0.07421875 0.31640625
0 0.974609375 0.4140625 0.05078125 0.109375
0 0.919921875 0.28515625 0.07421875 0.0703125
0 0.91015625 0.060546875 0.046875 0.05859375
0 0.65234375 0.30859375 0.0625 0.265625
0 0.64453125 0.6484375 0.03125 0.0546875
0 0.8203125 0.673828125 0.046875 0.09765625