0 0.634765625 0.107421875 0.08203125 0.21484375
0 0.7734375 0.314453125 0.046875 0.12890625
0 0.861328125 0.107421875 0.05859375 0.15234375
0 0.857421875 0.623046875 0.08203125 0.10546875
0 0.5859375 0.654296875 0.1328125 0.42578125
0 0.6640625 0.345703125 0.0546875 0.07421875
0 0.73828125 0.62890625 0.046875 0.1953125
0 0.677734375 0.681640625 0.03515625 0.37109375
0 0.5234375 0.220703125 0.1171875 0.44140625
0 0.5 0.5546875 0.0390625 0.234375
0 0.236328125 0.146484375 0.04296875 0.05078125
0 0.146484375 0.228515625 0.05078125 0.29296875
0 0.189453125 0.28125 0.03515625 0.09375
0 0.2109375 0.44140625 0.0390625 0.0390625
0 0.21484375 0.62890625 0.0703125 0.234375
0 0.078125 0.568359375 0.0078125 0.05078125
0 0.01953125 0.76171875 0.0390625 0.0859375
0 0.0546875 0.93359375 0.046875 0.125
0 0.3125 0.451171875 0.046875 0.23046875
0 0.26171875 0.427734375 0.03125 0.05859375
0 0.466796875 0.921875 0.05078125 0.15625
0 0.72265625 0.830078125 0.0390625 0.08203125
0 0.81640625 0.77734375 0.0390625 0.0859375
0 0.794921875 0.96875 0.09765625 0.0625
0 0.66015625 0.96875 0.0703125 0.046875
0 0.888671875 0.837890625 0.06640625 0.24609375
0 0.4296875 0.427734375 0.0703125 0.78515625
0 0.87890625 0.373046875 0.0703125 0.36328125