2 0.45703125 0.96875 0.0859375 0.0625
2 0.62109375 0.97265625 0.0546875 0.0546875
2 0.287109375 0.75 0.06640625 0.109375
2 0.240234375 0.546875 0.05859375 0.125
2 0.373046875 0.546875 0.09765625 0.2109375
2 0.626953125 0.54296875 0.08984375 0.4375
2 0.708984375 0.517578125 0.06640625 0.12109375
2 0.833984375 0.6171875 0.23046875 0.1875
2 0.669921875 0.240234375 0.05859375 0.09765625
2 0.61328125 0.1875 0.046875 0.0703125
2 0.48046875 0.224609375 0.078125 0.13671875
2 0.232421875 0.408203125 0.08203125 0.14453125
2 0.33984375 0.115234375 0.078125 0.12109375
2 0.74609375 0.33984375 0.0546875 0.078125
2 0.453125 0.8046875 0.1328125 0.078125
2 0.17578125 0.75 0.0546875 0.125
2 0.115234375 0.478515625 0.06640625 0.08984375
2 0.900390625 0.927734375 0.07421875 0.06640625
2 0.05859375 0.740234375 0.0859375 0.51953125
2 0.244140625 0.2109375 0.08203125 0.2109375
2 0.955078125 0.39453125 0.08984375 0.078125
2 0.279296875 0.888671875 0.09765625 0.07421875
2 0.166015625 0.87890625 0.07421875 0.046875
2 0.451171875 0.63671875 0.05078125 0.0625
2 0.7421875 0.845703125 0.09375 0.30859375