2 0.115234375 0.5 0.19921875 1
2 0.25390625 0.1171875 0.046875 0.109375
2 0.33984375 0.5546875 0.09375 0.3046875
2 0.423828125 0.34375 0.09765625 0.078125
2 0.470703125 0.150390625 0.07421875 0.08203125
2 0.83984375 0.837890625 0.0703125 0.22265625
2 0.90625 0.861328125 0.0546875 0.10546875
2 0.970703125 0.83984375 0.05859375 0.3203125
2 0.365234375 0.865234375 0.05078125 0.16796875
2 0.5 0.896484375 0.0859375 0.07421875
2 0.56640625 0.984375 0.0625 0.03125
2 0.63671875 0.953125 0.046875 0.0546875
2 0.755859375 0.90625 0.03515625 0.1875
2 0.693359375 0.853515625 0.03515625 0.12109375
2 0.771484375 0.720703125 0.04296875 0.09765625
2 0.7578125 0.150390625 0.0546875 0.30078125
2 0.810546875 0.046875 0.05859375 0.09375
2 0.888671875 0.09375 0.05078125 0.1875
2 0.9375 0.0234375 0.0546875 0.046875
2 0.9296875 0.259765625 0.0390625 0.08984375
2 0.96484375 0.431640625 0.0703125 0.08984375
2 0.87109375 0.5234375 0.046875 0.1328125
2 0.787109375 0.384765625 0.05078125 0.05859375
2 0.6171875 0.271484375 0.0859375 0.11328125
2 0.578125 0.185546875 0.0390625 0.05078125
2 0.63671875 0.076171875 0.0703125 0.15234375
2 0.697265625 0.033203125 0.04296875 0.06640625
2 0.62890625 0.44140625 0.046875 0.0625
2 0.572265625 0.515625 0.05078125 0.109375
2 0.236328125 0.427734375 0.03515625 0.13671875
2 0.5703125 0.740234375 0.0859375 0.19140625
2 0.49609375 0.54296875 0.0546875 0.09375
2 0.423828125 0.685546875 0.05078125 0.03515625
2 0.48828125 0.7578125 0.0390625 0.0546875
2 0.3671875 0.736328125 0.140625 0.05078125
2 0.896484375 0.984375 0.08203125 0.03125
2 0.7734375 0.44921875 0.03125 0.046875