2 0.5625 0.466796875 0.8671875 0.33984375
2 0.603515625 0.150390625 0.79296875 0.30078125
2 0.056640625 0.859375 0.11328125 0.28125
2 0.10546875 0.638671875 0.046875 0.16015625
2 0.16796875 0.96875 0.0625 0.0546875
2 0.853515625 0.78125 0.17578125 0.2890625
2 0.6171875 0.666015625 0.109375 0.05859375
2 0.35546875 0.673828125 0.0859375 0.08203125
2 0.185546875 0.73828125 0.04296875 0.0625
2 0.271484375 0.744140625 0.07421875 0.10546875
2 0.3828125 0.947265625 0.0625 0.10546875
2 0.298828125 0.86328125 0.05859375 0.125
2 0.228515625 0.837890625 0.04296875 0.08203125
2 0.236328125 0.96484375 0.03515625 0.0703125
2 0.642578125 0.83984375 0.05078125 0.078125
2 0.72265625 0.912109375 0.0390625 0.04296875
2 0.580078125 0.876953125 0.04296875 0.13671875
2 0.51953125 0.955078125 0.0703125 0.08984375
2 0.4609375 0.689453125 0.0546875 0.10546875