2 0.8671875 0.302734375 0.2109375 0.60546875
2 0.79296875 0.798828125 0.15625 0.40234375
2 0.302734375 0.494140625 0.16015625 0.37109375
2 0.3203125 0.12109375 0.1328125 0.2421875
2 0.427734375 0.1328125 0.08203125 0.234375
2 0.626953125 0.017578125 0.04296875 0.03515625
2 0.603515625 0.203125 0.14453125 0.125
2 0.333984375 0.287109375 0.05859375 0.04296875
2 0.66796875 0.455078125 0.0703125 0.13671875
2 0.53125 0.345703125 0.0703125 0.14453125
2 0.435546875 0.45703125 0.05859375 0.1171875
2 0.537109375 0.5390625 0.08984375 0.203125
2 0.423828125 0.61328125 0.04296875 0.0546875
2 0.49609375 0.869140625 0.2421875 0.26171875
2 0.52734375 0.689453125 0.125 0.08984375
2 0.625 0.6015625 0.046875 0.1328125
2 0.67578125 0.9765625 0.0546875 0.046875
2 0.037109375 0.72265625 0.07421875 0.2734375
2 0.033203125 0.98828125 0.05859375 0.0234375