0 0.66796875 0.619140625 0.1640625 0.75390625
0 0.53515625 0.86328125 0.0546875 0.1328125
0 0.076171875 0.890625 0.04296875 0.078125
0 0.02734375 0.833984375 0.0546875 0.23046875
0 0.3984375 0.552734375 0.0390625 0.04296875
0 0.29296875 0.7109375 0.046875 0.03125
0 0.18359375 0.93359375 0.0546875 0.1171875
0 0.640625 0.044921875 0.078125 0.08984375
0 0.859375 0.41015625 0.0859375 0.2578125
0 0.900390625 0.625 0.11328125 0.046875
0 0.86328125 0.744140625 0.0390625 0.06640625
0 0.90234375 0.92578125 0.046875 0.109375
0 0.076171875 0.609375 0.04296875 0.046875
0 0.078125 0.201171875 0.0703125 0.07421875
0 0.16015625 0.751953125 0.046875 0.04296875
0 0.150390625 0.376953125 0.02734375 0.04296875
0 0.626953125 0.1796875 0.04296875 0.1015625
0 0.369140625 0.091796875 0.05859375 0.09765625
0 0.560546875 0.619140625 0.05078125 0.24609375
0 0.982421875 0.943359375 0.03515625 0.11328125
0 0.44140625 0.640625 0.03125 0.078125
0 0.296875 0.619140625 0.0859375 0.10546875
0 0.91015625 0.58203125 0.078125 0.03125
0 0.400390625 0.9296875 0.08984375 0.140625
0 0.0390625 0.974609375 0.078125 0.05078125
0 0.38671875 0.388671875 0.0390625 0.08984375