2 0.475625 0.6195833333333334 0.2975 0.7608333333333334
2 0.5390625 0.11958333333333333 0.155625 0.23916666666666667
2 0.443125 0.04875 0.03875 0.0975
2 0.4403125 0.19041666666666668 0.041875 0.10583333333333333
2 0.2215625 0.1075 0.225625 0.215
2 0.3721875 0.09583333333333334 0.034375 0.09166666666666666
2 0.4090625 0.06708333333333333 0.020625 0.0775
2 0.3703125 0.17041666666666666 0.056875 0.04583333333333333
2 0.376875 0.21833333333333332 0.085 0.041666666666666664
2 0.0640625 0.05583333333333333 0.050625 0.08
2 0.0109375 0.17458333333333334 0.021875 0.0375
2 0.0915625 0.16833333333333333 0.025625 0.03
2 0.1390625 0.32083333333333336 0.150625 0.051666666666666666
2 0.1528125 0.27208333333333334 0.028125 0.0375
2 0.7796875 0.6008333333333333 0.080625 0.07
2 0.701875 0.5358333333333334 0.06875 0.08333333333333333
2 0.93875 0.7504166666666666 0.12125 0.14916666666666667
2 0.8221875 0.45625 0.126875 0.13916666666666666
2 0.131875 0.7916666666666666 0.13 0.4166666666666667
2 0.2421875 0.4141666666666667 0.096875 0.12333333333333334
2 0.830625 0.1125 0.0925 0.225
2 0.868125 0.30791666666666667 0.12375 0.1575
2 0.7003125 0.032916666666666664 0.056875 0.06583333333333333
2 0.6340625 0.14958333333333335 0.028125 0.21083333333333334
2 0.7165625 0.18416666666666667 0.056875 0.10166666666666667
2 0.7590625 0.27875 0.064375 0.07583333333333334