0 0.828125 0.568359375 0.265625 0.86328125
0 0.482421875 0.5234375 0.06640625 0.1796875
0 0.3359375 0.84765625 0.0625 0.203125
0 0.26171875 0.708984375 0.0390625 0.08203125
0 0.150390625 0.572265625 0.05078125 0.08984375
0 0.203125 0.267578125 0.0703125 0.04296875
0 0.3359375 0.173828125 0.0546875 0.05078125
0 0.27734375 0.11328125 0.078125 0.0703125
0 0.044921875 0.853515625 0.08984375 0.23046875
0 0.009765625 0.630859375 0.01953125 0.12890625
0 0.216796875 0.861328125 0.06640625 0.04296875
0 0.58203125 0.501953125 0.0390625 0.08203125
0 0.56640625 0.783203125 0.0546875 0.28515625