1 0.146484375 0.455078125 0.29296875 0.28515625
1 0.81640625 0.708984375 0.359375 0.58203125
1 0.568359375 0.5234375 0.13671875 0.1953125
1 0.611328125 0.810546875 0.05859375 0.37890625
1 0.5625 0.8203125 0.0390625 0.15625
1 0.423828125 0.931640625 0.21484375 0.13671875
1 0.369140625 0.513671875 0.02734375 0.05078125
1 0.353515625 0.623046875 0.10546875 0.14453125
1 0.458984375 0.72265625 0.05078125 0.0859375
1 0.16015625 0.150390625 0.078125 0.11328125
1 0.498046875 0.337890625 0.12890625 0.08984375
1 0.373046875 0.3125 0.03515625 0.0546875
1 0.326171875 0.369140625 0.04296875 0.10546875
1 0.326171875 0.50390625 0.04296875 0.0859375
1 0.44921875 0.216796875 0.078125 0.11328125