2 0.412109375 0.947265625 0.05859375 0.10546875
2 0.361328125 0.564453125 0.04296875 0.12109375
2 0.287109375 0.46875 0.04296875 0.046875
2 0.48828125 0.650390625 0.0703125 0.15234375
2 0.58203125 0.412109375 0.1015625 0.16015625
2 0.57421875 0.068359375 0.109375 0.13671875
2 0.388671875 0.109375 0.05859375 0.1875
2 0.833984375 0.673828125 0.08984375 0.11328125
2 0.681640625 0.91015625 0.06640625 0.1640625
2 0.62890625 0.828125 0.0546875 0.0703125
2 0.572265625 0.732421875 0.04296875 0.05859375
2 0.78515625 0.9453125 0.078125 0.0625
2 0.6328125 0.087890625 0.078125 0.17578125
2 0.66796875 0.216796875 0.09375 0.12890625
2 0.837890625 0.5234375 0.04296875 0.078125
2 0.138671875 0.935546875 0.05078125 0.05078125
2 0.37109375 0.310546875 0.03125 0.04296875
2 0.064453125 0.197265625 0.05078125 0.03515625
2 0.55078125 0.228515625 0.0546875 0.03515625
2 0.787109375 0.37109375 0.03515625 0.0625