2 0.453125 0.171875 0.15625 0.34375
2 0.859375 0.037109375 0.078125 0.07421875
2 0.7265625 0.048828125 0.046875 0.08203125
2 0.162109375 0.294921875 0.12109375 0.18359375
2 0.078125 0.56640625 0.09375 0.34375
2 0.294921875 0.408203125 0.05859375 0.12109375
2 0.236328125 0.58984375 0.05078125 0.0625
2 0.16796875 0.626953125 0.0390625 0.12109375
2 0.421875 0.556640625 0.0546875 0.06640625
2 0.255859375 0.662109375 0.03515625 0.05078125
2 0.333984375 0.677734375 0.05078125 0.03515625
2 0.396484375 0.666015625 0.03515625 0.04296875
2 0.294921875 0.75 0.05078125 0.046875
2 0.11328125 0.787109375 0.203125 0.09765625
2 0.3203125 0.82421875 0.0546875 0.046875
2 0.12890625 0.919921875 0.234375 0.16015625
2 0.3984375 0.9453125 0.09375 0.0625
2 0.955078125 0.91015625 0.07421875 0.1796875
2 0.830078125 0.9375 0.05859375 0.0546875
2 0.7265625 0.888671875 0.0390625 0.06640625
2 0.625 0.302734375 0.109375 0.15234375
2 0.53125 0.4140625 0.0546875 0.1328125
2 0.4453125 0.380859375 0.046875 0.04296875
2 0.609375 0.5078125 0.046875 0.0625
2 0.51171875 0.560546875 0.0546875 0.15234375
2 0.447265625 0.712890625 0.03515625 0.05859375
2 0.736328125 0.724609375 0.05078125 0.12109375
2 0.8359375 0.66796875 0.0546875 0.0390625
2 0.921875 0.421875 0.0625 0.4765625
2 0.826171875 0.369140625 0.05078125 0.08203125
2 0.78125 0.435546875 0.046875 0.04296875
2 0.80078125 0.517578125 0.0625 0.08984375
2 0.73046875 0.580078125 0.0234375 0.05078125
2 0.6953125 0.25 0.03125 0.0546875
2 0.884765625 0.126953125 0.05078125 0.10546875
2 0.17578125 0.099609375 0.078125 0.19921875
2 0.806640625 0.126953125 0.07421875 0.05859375
2 0.830078125 0.259765625 0.04296875 0.04296875