0 0.8984375 0.177734375 0.140625 0.35546875
0 0.783203125 0.091796875 0.04296875 0.10546875
0 0.81640625 0.3984375 0.0859375 0.09375
0 0.751953125 0.5 0.11328125 0.125
0 0.708984375 0.62890625 0.08984375 0.125
0 0.6640625 0.73828125 0.109375 0.0859375
0 0.625 0.82421875 0.078125 0.078125
0 0.572265625 0.9296875 0.13671875 0.1328125
0 0.525390625 0.205078125 0.05859375 0.13671875
0 0.197265625 0.224609375 0.16015625 0.44921875
0 0.3984375 0.0859375 0.140625 0.171875
0 0.328125 0.318359375 0.1171875 0.28515625
0 0.201171875 0.728515625 0.26953125 0.53515625
0 0.423828125 0.943359375 0.10546875 0.08984375
0 0.3984375 0.62109375 0.1171875 0.078125
0 0.609375 0.65234375 0.0546875 0.0546875
0 0.615234375 0.53125 0.04296875 0.0546875
0 0.474609375 0.427734375 0.12109375 0.11328125