2 0.162109375 0.82421875 0.07421875 0.140625
2 0.544921875 0.90625 0.07421875 0.1796875
2 0.6796875 0.86328125 0.0703125 0.078125
2 0.896484375 0.923828125 0.06640625 0.15234375
2 0.970703125 0.712890625 0.05859375 0.26953125
2 0.251953125 0.9453125 0.07421875 0.1015625
2 0.451171875 0.474609375 0.08984375 0.08203125
2 0.640625 0.591796875 0.078125 0.07421875
2 0.74609375 0.59765625 0.046875 0.046875
2 0.8046875 0.646484375 0.0703125 0.08984375
2 0.81640625 0.359375 0.0625 0.109375
2 0.708984375 0.103515625 0.11328125 0.12890625
2 0.630859375 0.068359375 0.06640625 0.05859375
2 0.65625 0.248046875 0.1171875 0.19140625
2 0.533203125 0.197265625 0.15234375 0.12890625
2 0.42578125 0.13671875 0.1171875 0.1171875
2 0.275390625 0.244140625 0.11328125 0.40234375
2 0.365234375 0.373046875 0.10546875 0.06640625
2 0.28515625 0.44140625 0.1328125 0.140625
2 0.32421875 0.80859375 0.0546875 0.0859375
2 0.755859375 0.796875 0.11328125 0.1171875
2 0.19140625 0.576171875 0.109375 0.19140625
2 0.09765625 0.794921875 0.09375 0.37890625
2 0.9375 0.126953125 0.0859375 0.25390625
2 0.8359375 0.125 0.0703125 0.046875
2 0.490234375 0.05078125 0.04296875 0.0546875
2 0.525390625 0.34765625 0.12890625 0.0859375
2 0.658203125 0.412109375 0.08984375 0.10546875
2 0.9375 0.322265625 0.0859375 0.13671875
2 0.60546875 0.732421875 0.0625 0.05078125