0 0.373046875 0.166015625 0.05859375 0.13671875
0 0.583984375 0.05859375 0.06640625 0.078125
0 0.177734375 0.3046875 0.09765625 0.28125
0 0.189453125 0.640625 0.06640625 0.09375
0 0.298828125 0.841796875 0.11328125 0.12890625
0 0.583984375 0.51953125 0.16796875 0.703125
0 0.453125 0.505859375 0.0859375 0.16015625
0 0.328125 0.578125 0.0390625 0.0625
0 0.267578125 0.36328125 0.05859375 0.109375
0 0.84765625 0.41796875 0.0625 0.078125
0 0.7421875 0.7890625 0.0625 0.1484375
0 0.666015625 0.9375 0.55078125 0.1171875
0 0.82421875 0.1640625 0.3125 0.3203125