1 0.384765625 0.779296875 0.16015625 0.44140625
1 0.201171875 0.232421875 0.40234375 0.31640625
1 0.435546875 0.087890625 0.05859375 0.10546875
1 0.201171875 0.8984375 0.19921875 0.203125
1 0.111328125 0.453125 0.11328125 0.125
1 0.6171875 0.736328125 0.109375 0.12890625
1 0.50390625 0.8671875 0.0703125 0.265625
1 0.736328125 0.916015625 0.39453125 0.16796875
1 0.806640625 0.755859375 0.05078125 0.05078125
1 0.630859375 0.55859375 0.08203125 0.140625
1 0.515625 0.36328125 0.1171875 0.2890625
1 0.677734375 0.162109375 0.20703125 0.23046875
1 0.8359375 0.181640625 0.078125 0.36328125
1 0.396484375 0.47265625 0.06640625 0.1640625