0 0.07421875 0.501953125 0.140625 0.99609375
0 0.55078125 0.61328125 0.1328125 0.484375
0 0.833984375 0.478515625 0.08984375 0.56640625
0 0.93359375 0.55078125 0.1171875 0.6328125
0 0.2421875 0.6171875 0.109375 0.109375
0 0.357421875 0.416015625 0.05859375 0.17578125
0 0.27734375 0.419921875 0.0390625 0.07421875
0 0.326171875 0.154296875 0.05859375 0.09765625
0 0.51171875 0.13671875 0.0546875 0.0703125
0 0.51171875 0.283203125 0.0546875 0.05078125
0 0.69140625 0.068359375 0.0703125 0.13671875
0 0.501953125 0.0234375 0.08984375 0.046875
0 0.470703125 0.921875 0.03515625 0.0625
0 0.62890625 0.458984375 0.1015625 0.05859375
0 0.603515625 0.9296875 0.14453125 0.0859375
0 0.658203125 0.7265625 0.05859375 0.1015625