2 0.947265625 0.04296875 0.10546875 0.0859375
2 0.890625 0.212890625 0.0390625 0.05078125
2 0.849609375 0.345703125 0.04296875 0.12109375
2 0.8984375 0.51171875 0.0546875 0.1015625
2 0.931640625 0.779296875 0.12890625 0.26171875
2 0.5859375 0.8125 0.515625 0.375
2 0.58203125 0.310546875 0.3515625 0.62109375
2 0.2109375 0.44921875 0.2265625 0.8984375
2 0.365234375 0.310546875 0.08203125 0.62109375
2 0.048828125 0.310546875 0.09765625 0.46484375
2 0.021484375 0.701171875 0.04296875 0.24609375
2 0.046875 0.869140625 0.09375 0.06640625
2 0.7734375 0.0390625 0.0390625 0.0546875
2 0.828125 0.10546875 0.03125 0.09375
2 0.7734375 0.125 0.03125 0.078125