2 0.181640625 0.146484375 0.21484375 0.29296875
2 0.126953125 0.482421875 0.12109375 0.36328125
2 0.23828125 0.83203125 0.203125 0.3359375
2 0.904296875 0.259765625 0.11328125 0.51953125
2 0.755859375 0.072265625 0.07421875 0.12109375
2 0.82421875 0.32421875 0.046875 0.1640625
2 0.775390625 0.48828125 0.05078125 0.0859375
2 0.841796875 0.642578125 0.16796875 0.23046875
2 0.71484375 0.314453125 0.1015625 0.16796875
2 0.673828125 0.146484375 0.06640625 0.08203125
2 0.568359375 0.212890625 0.05859375 0.15234375
2 0.583984375 0.451171875 0.04296875 0.12109375
2 0.640625 0.515625 0.0703125 0.1796875
2 0.62890625 0.8203125 0.25 0.359375
2 0.529296875 0.48828125 0.02734375 0.2890625
2 0.4140625 0.5 0.1640625 1
2 0.267578125 0.48046875 0.11328125 0.3671875