0 0.53515625 0.1640625 0.109375 0.09375
0 0.298828125 0.087890625 0.25390625 0.08203125
0 0.32421875 0.021484375 0.1953125 0.04296875
0 0.40625 0.541015625 0.1640625 0.58203125
0 0.720703125 0.09765625 0.16796875 0.1953125
0 0.70703125 0.29296875 0.125 0.1875
0 0.57421875 0.5 0.046875 0.046875
0 0.55859375 0.349609375 0.0859375 0.18359375
0 0.564453125 0.833984375 0.14453125 0.33203125
0 0.916015625 0.7734375 0.16796875 0.453125
0 0.79296875 0.7265625 0.0859375 0.546875
0 0.701171875 0.65234375 0.08203125 0.0625
0 0.6875 0.802734375 0.0390625 0.04296875
0 0.677734375 0.962890625 0.05078125 0.05859375
0 0.248046875 0.189453125 0.41796875 0.11328125
0 0.203125 0.677734375 0.234375 0.30859375
0 0.31640625 0.91796875 0.3359375 0.1640625
0 0.248046875 0.349609375 0.12890625 0.19921875
0 0.140625 0.287109375 0.0703125 0.07421875
0 0.728515625 0.533203125 0.04296875 0.12109375
0 0.705078125 0.421875 0.09765625 0.0703125
0 0.966796875 0.275390625 0.06640625 0.52734375
0 0.857421875 0.072265625 0.09765625 0.14453125
0 0.875 0.212890625 0.0546875 0.05078125
0 0.88671875 0.458984375 0.0859375 0.16015625
0 0.794921875 0.427734375 0.07421875 0.04296875
0 0.47265625 0.046875 0.0625 0.09375
0 0.10546875 0.38671875 0.1015625 0.0859375