1 0.46484375 0.28515625 0.1953125 0.09375
1 0.369140625 0.41015625 0.16796875 0.1484375
1 0.51171875 0.45703125 0.1171875 0.0546875
1 0.267578125 0.134765625 0.27734375 0.21484375
1 0.3046875 0.291015625 0.125 0.08203125
1 0.134765625 0.26171875 0.07421875 0.0390625
1 0.205078125 0.373046875 0.05859375 0.15234375
1 0.044921875 0.4765625 0.08203125 0.140625
1 0.900390625 0.544921875 0.18359375 0.20703125
1 0.533203125 0.58984375 0.11328125 0.0390625
1 0.716796875 0.72265625 0.17578125 0.4453125
1 0.5703125 0.810546875 0.109375 0.37890625
1 0.447265625 0.927734375 0.14453125 0.14453125
1 0.234375 0.720703125 0.0703125 0.14453125
1 0.337890625 0.77734375 0.05078125 0.078125
1 0.255859375 0.47265625 0.03515625 0.1484375
1 0.08984375 0.78125 0.1796875 0.4375