2 0.638671875 0.041015625 0.07421875 0.08203125
2 0.572265625 0.15625 0.09765625 0.1484375
2 0.466796875 0.3828125 0.12890625 0.21875
2 0.755859375 0.33203125 0.08203125 0.6640625
2 0.708984375 0.833984375 0.08203125 0.33203125
2 0.70703125 0.580078125 0.0390625 0.19140625
2 0.59765625 0.515625 0.0859375 0.1484375
2 0.4921875 0.59765625 0.03125 0.09375
2 0.552734375 0.765625 0.09765625 0.109375
2 0.455078125 0.74609375 0.03515625 0.0625
2 0.59375 0.92578125 0.1328125 0.109375
2 0.408203125 0.896484375 0.04296875 0.14453125
2 0.33203125 0.869140625 0.0390625 0.08984375
2 0.3515625 0.6640625 0.0703125 0.1015625
2 0.390625 0.548828125 0.078125 0.12109375
2 0.263671875 0.91796875 0.09765625 0.1640625