1 0.228515625 0.232421875 0.35546875 0.41015625
1 0.1640625 0.716796875 0.328125 0.56640625
1 0.47265625 0.15234375 0.1328125 0.234375
1 0.646484375 0.177734375 0.02734375 0.04296875
1 0.66015625 0.328125 0.0703125 0.1171875
1 0.857421875 0.13671875 0.12890625 0.15625
1 0.900390625 0.359375 0.08203125 0.1484375
1 0.634765625 0.490234375 0.03515625 0.04296875
1 0.552734375 0.564453125 0.02734375 0.02734375
1 0.66015625 0.576171875 0.03125 0.02734375
1 0.75 0.39453125 0.0390625 0.0546875
1 0.765625 0.470703125 0.046875 0.05078125
1 0.833984375 0.52734375 0.08203125 0.0703125
1 0.76171875 0.587890625 0.0625 0.08984375
1 0.6796875 0.818359375 0.15625 0.36328125
1 0.46484375 0.84765625 0.2734375 0.3046875