2 0.625 0.048828125 0.0390625 0.09765625
2 0.966796875 0.0546875 0.06640625 0.109375
2 0.953125 0.220703125 0.046875 0.10546875
2 0.2734375 0.037109375 0.0546875 0.07421875
2 0.1953125 0.111328125 0.0390625 0.05859375
2 0.126953125 0.158203125 0.04296875 0.31640625
2 0.16796875 0.439453125 0.0703125 0.24609375
2 0.23828125 0.337890625 0.0546875 0.13671875
2 0.220703125 0.77734375 0.11328125 0.4296875
2 0.28125 0.46875 0.0703125 0.125
2 0.212890625 0.52734375 0.03515625 0.078125
2 0.41796875 0.298828125 0.0859375 0.12109375
2 0.591796875 0.35546875 0.06640625 0.2265625
2 0.703125 0.49609375 0.0859375 0.203125
2 0.625 0.568359375 0.0703125 0.13671875
2 0.791015625 0.48828125 0.05078125 0.0390625
2 0.875 0.52734375 0.0703125 0.1328125
2 0.78515625 0.5703125 0.0234375 0.03125
2 0.861328125 0.654296875 0.03515625 0.03515625
2 0.958984375 0.634765625 0.06640625 0.02734375
2 0.890625 0.724609375 0.0390625 0.03515625
2 0.78125 0.666015625 0.046875 0.08203125
2 0.630859375 0.703125 0.04296875 0.0546875
2 0.62890625 0.826171875 0.046875 0.05078125
2 0.705078125 0.890625 0.05078125 0.03125
2 0.71875 0.796875 0.0625 0.078125
2 0.638671875 0.92578125 0.05859375 0.0546875
2 0.4453125 0.693359375 0.0703125 0.09765625
2 0.435546875 0.533203125 0.05859375 0.08203125
2 0.390625 0.427734375 0.078125 0.13671875
2 0.46875 0.384765625 0.03125 0.07421875