2 0.88671875 0.57421875 0.125 0.5
2 0.884765625 0.912109375 0.05859375 0.17578125
2 0.732421875 0.884765625 0.06640625 0.12109375
2 0.240234375 0.87109375 0.07421875 0.0703125
2 0.23828125 0.96484375 0.03125 0.0703125
2 0.384765625 0.84765625 0.09765625 0.2109375
2 0.1953125 0.552734375 0.171875 0.24609375
2 0.548828125 0.353515625 0.53515625 0.70703125
2 0.03515625 0.486328125 0.0703125 0.08203125
2 0.21875 0.115234375 0.0546875 0.16015625
2 0.13671875 0.123046875 0.046875 0.13671875
2 0.240234375 0.298828125 0.07421875 0.19921875
2 0.08203125 0.171875 0.078125 0.203125
2 0.583984375 0.818359375 0.12109375 0.23046875
2 0.7109375 0.7421875 0.0546875 0.078125
2 0.48828125 0.8203125 0.0703125 0.2265625
2 0.10546875 0.02734375 0.0859375 0.0546875