0 0.162109375 0.15234375 0.10546875 0.2734375
0 0.373046875 0.076171875 0.06640625 0.10546875
0 0.55859375 0.447265625 0.25 0.73828125
0 0.6875 0.904296875 0.1328125 0.08203125
0 0.345703125 0.83984375 0.14453125 0.078125
0 0.30859375 0.978515625 0.109375 0.04296875
0 0.482421875 0.955078125 0.08203125 0.07421875
0 0.841796875 0.70703125 0.12890625 0.5625
0 0.244140625 0.552734375 0.08203125 0.12890625
0 0.13671875 0.73046875 0.0703125 0.0859375
0 0.388671875 0.337890625 0.05859375 0.08984375
0 0.1953125 0.34375 0.171875 0.0703125