1 0.771484375 0.169921875 0.05859375 0.04296875
1 0.97265625 0.185546875 0.0546875 0.14453125
1 0.845703125 0.2578125 0.11328125 0.0625
1 0.470703125 0.716796875 0.88671875 0.56640625
1 0.78515625 0.36328125 0.1796875 0.140625
1 0.208984375 0.19921875 0.06640625 0.046875
1 0.185546875 0.28515625 0.07421875 0.0390625
1 0.232421875 0.353515625 0.03515625 0.02734375
1 0.279296875 0.408203125 0.08203125 0.05859375
1 0.521484375 0.376953125 0.03515625 0.04296875
1 0.39453125 0.244140625 0.140625 0.10546875
1 0.451171875 0.09375 0.05078125 0.0859375
1 0.54296875 0.162109375 0.078125 0.14453125
1 0.91015625 0.142578125 0.0703125 0.16015625
1 0.6328125 0.33203125 0.0859375 0.0546875
1 0.60546875 0.40234375 0.0703125 0.0703125
1 0.705078125 0.171875 0.07421875 0.0625
1 0.078125 0.38671875 0.0625 0.109375