2 0.38671875 0.5 0.609375 1
2 0.923828125 0.115234375 0.12109375 0.23046875
2 0.759765625 0.123046875 0.15234375 0.24609375
2 0.85546875 0.263671875 0.09375 0.05078125
2 0.984375 0.2734375 0.03125 0.078125
2 0.9765625 0.3671875 0.0390625 0.09375
2 0.720703125 0.31640625 0.12890625 0.15625
2 0.873046875 0.3828125 0.02734375 0.046875
2 0.8203125 0.37109375 0.0390625 0.0546875
2 0.75390625 0.701171875 0.1328125 0.59765625
2 0.982421875 0.951171875 0.03515625 0.09765625
2 0.939453125 0.849609375 0.12109375 0.05078125
2 0.94140625 0.763671875 0.0703125 0.10546875
2 0.984375 0.58203125 0.03125 0.109375
2 0.8828125 0.505859375 0.078125 0.09765625
2 0.8359375 0.6953125 0.09375 0.171875
2 0.8671875 0.935546875 0.0390625 0.05859375
2 0.953125 0.509765625 0.03125 0.04296875
2 0.875 0.994140625 0.03125 0.01171875