2 0.392578125 0.291015625 0.08203125 0.17578125
2 0.35546875 0.078125 0.0625 0.1015625
2 0.14453125 0.544921875 0.2890625 0.91015625
2 0.392578125 0.728515625 0.10546875 0.54296875
2 0.30859375 0.43359375 0.0390625 0.1875
2 0.5234375 0.861328125 0.1484375 0.27734375
2 0.078125 0.03125 0.15625 0.0625
2 0.83984375 0.89453125 0.3203125 0.2109375
2 0.884765625 0.712890625 0.12109375 0.16015625
2 0.82421875 0.513671875 0.1484375 0.12890625
2 0.875 0.328125 0.203125 0.2421875
2 0.7109375 0.13671875 0.171875 0.1328125
2 0.748046875 0.01953125 0.50390625 0.0390625
2 0.62890625 0.423828125 0.0390625 0.04296875
2 0.568359375 0.412109375 0.04296875 0.04296875
2 0.59765625 0.5703125 0.0546875 0.0625
2 0.658203125 0.58984375 0.03515625 0.0234375
2 0.638671875 0.962890625 0.08203125 0.07421875