2 0.3515625 0.029296875 0.03125 0.04296875
2 0.228515625 0.08984375 0.05078125 0.0703125
2 0.265625 0.09375 0.015625 0.03125
2 0.32421875 0.107421875 0.0390625 0.04296875
2 0.4609375 0.07421875 0.015625 0.046875
2 0.390625 0.04296875 0.0234375 0.0703125
2 0.58984375 0.013671875 0.0234375 0.02734375
2 0.53515625 0.037109375 0.0703125 0.05859375
2 0.5390625 0.109375 0.046875 0.1171875
2 0.48046875 0.146484375 0.0390625 0.09765625
2 0.607421875 0.06640625 0.03515625 0.0390625
2 0.68359375 0.056640625 0.078125 0.11328125
2 0.75 0.0234375 0.0234375 0.046875
2 0.849609375 0.02734375 0.11328125 0.0546875
2 0.953125 0.0390625 0.0703125 0.078125
2 0.94921875 0.109375 0.03125 0.0703125
2 0.97265625 0.205078125 0.046875 0.05078125
2 0.912109375 0.078125 0.01953125 0.0703125
2 0.75 0.087890625 0.046875 0.05078125
2 0.86328125 0.080078125 0.015625 0.04296875
2 0.828125 0.119140625 0.0390625 0.03515625
2 0.8359375 0.17578125 0.03125 0.0703125
2 0.765625 0.1640625 0.0234375 0.0390625
2 0.724609375 0.146484375 0.02734375 0.08203125
2 0.671875 0.142578125 0.046875 0.07421875
2 0.982421875 0.337890625 0.03515625 0.05859375
2 0.98828125 0.427734375 0.0234375 0.02734375
2 0.9453125 0.466796875 0.0546875 0.05859375
2 0.923828125 0.30078125 0.03515625 0.046875
2 0.92578125 0.345703125 0.0390625 0.08203125
2 0.845703125 0.263671875 0.00390625 0.00390625
2 0.875 0.298828125 0.03125 0.03515625
2 0.822265625 0.318359375 0.03515625 0.05859375
2 0.88671875 0.390625 0.0546875 0.0390625
2 0.880859375 0.4296875 0.02734375 0.0546875
2 0.8828125 0.4921875 0.046875 0.03125
2 0.794921875 0.234375 0.01953125 0.0390625
2 0.732421875 0.19921875 0.02734375 0.0390625
2 0.75390625 0.25390625 0.0390625 0.0859375
2 0.740234375 0.30078125 0.03515625 0.1015625
2 0.671875 0.248046875 0.03125 0.06640625
2 0.93359375 0.197265625 0.0234375 0.01953125
2 0.87890625 0.330078125 0.03125 0.04296875
2 0.54296875 0.203125 0.046875 0.046875
2 0.548828125 0.26953125 0.05078125 0.109375
2 0.58984375 0.189453125 0.046875 0.05859375
2 0.6484375 0.279296875 0.0546875 0.04296875
2 0.671875 0.359375 0.046875 0.109375
2 0.6171875 0.328125 0.03125 0.03125
2 0.640625 0.396484375 0.078125 0.14453125
2 0.57421875 0.42578125 0.0703125 0.2109375
2 0.5 0.4609375 0.0703125 0.25
2 0.447265625 0.576171875 0.01953125 0.10546875
2 0.818359375 0.48046875 0.03515625 0.03125
2 0.810546875 0.529296875 0.08984375 0.10546875
2 0.720703125 0.5234375 0.06640625 0.1171875
2 0.646484375 0.5859375 0.07421875 0.15625
2 0.57421875 0.646484375 0.0546875 0.19921875
2 0.49609375 0.60546875 0.0546875 0.09375
2 0.455078125 0.673828125 0.04296875 0.12109375
2 0.43359375 0.7421875 0.03125 0.078125
2 0.369140625 0.751953125 0.03515625 0.13671875
2 0.408203125 0.6484375 0.03515625 0.1015625
2 0.453125 0.830078125 0.0390625 0.09765625
2 0.486328125 0.830078125 0.04296875 0.02734375
2 0.294921875 0.126953125 0.02734375 0.06640625
2 0.357421875 0.1640625 0.04296875 0.0546875
2 0.408203125 0.1796875 0.03515625 0.0390625
2 0.455078125 0.21484375 0.05078125 0.078125
2 0.44921875 0.291015625 0.078125 0.04296875
2 0.41796875 0.33984375 0.1171875 0.1171875
2 0.39453125 0.267578125 0.0234375 0.04296875
2 0.369140625 0.232421875 0.03515625 0.02734375
2 0.34765625 0.275390625 0.0234375 0.06640625
2 0.43359375 0.4296875 0.03125 0.0859375
2 0.35546875 0.47265625 0.0078125 0.0234375
2 0.3828125 0.458984375 0.0703125 0.10546875
2 0.375 0.546875 0.0625 0.0625
2 0.341796875 0.59375 0.08203125 0.0546875
2 0.166015625 0.126953125 0.03515625 0.10546875
2 0.095703125 0.154296875 0.02734375 0.06640625
2 0.029296875 0.22265625 0.05859375 0.140625
2 0.107421875 0.2421875 0.14453125 0.140625
2 0.236328125 0.21484375 0.06640625 0.078125
2 0.255859375 0.26171875 0.09765625 0.0703125
2 0.19921875 0.33203125 0.046875 0.1171875
2 0.271484375 0.3984375 0.04296875 0.171875
2 0.333984375 0.40625 0.02734375 0.0234375
2 0.328125 0.2890625 0.03125 0.0859375
2 0.296875 0.46484375 0.0546875 0.0390625
2 0.20703125 0.41015625 0.046875 0.09375
2 0.154296875 0.341796875 0.05859375 0.08984375
2 0.060546875 0.30859375 0.07421875 0.078125
2 0.025390625 0.3671875 0.05078125 0.0546875
2 0.09375 0.3828125 0.109375 0.0859375
2 0.037109375 0.443359375 0.07421875 0.11328125
2 0.01953125 0.548828125 0.0390625 0.12109375
2 0.0234375 0.65625 0.046875 0.109375
2 0.107421875 0.470703125 0.06640625 0.07421875
2 0.09765625 0.529296875 0.078125 0.09765625
2 0.228515625 0.5078125 0.05859375 0.046875
2 0.173828125 0.544921875 0.04296875 0.07421875
2 0.26953125 0.541015625 0.03125 0.09765625
2 0.265625 0.634765625 0.03125 0.10546875
2 0.234375 0.603515625 0.0390625 0.09765625
2 0.166015625 0.646484375 0.02734375 0.08984375
2 0.08984375 0.728515625 0.046875 0.22265625
2 0.15625 0.72265625 0.0390625 0.109375
2 0.20703125 0.72265625 0.0625 0.15625
2 0.265625 0.73046875 0.0859375 0.0859375
2 0.328125 0.6640625 0.0234375 0.0390625
2 0.275390625 0.822265625 0.05859375 0.15234375
2 0.326171875 0.78515625 0.02734375 0.109375
2 0.44921875 0.919921875 0.0390625 0.04296875
2 0.37890625 0.833984375 0.03125 0.05078125
2 0.337890625 0.87890625 0.02734375 0.0859375
2 0.302734375 0.947265625 0.07421875 0.10546875
2 0.220703125 0.8125 0.01171875 0.046875
2 0.197265625 0.8671875 0.03515625 0.078125
2 0.013671875 0.814453125 0.02734375 0.15234375
2 0.056640625 0.8125 0.03515625 0.1328125
2 0.134765625 0.875 0.05078125 0.078125
2 0.091796875 0.91796875 0.06640625 0.09375
2 0.02734375 0.95703125 0.0546875 0.0859375
2 0.19921875 0.962890625 0.046875 0.07421875
2 0.724609375 0.396484375 0.05078125 0.04296875