2 0.8069058641975309 0.3064236111111111 0.3244598765432099 0.515625
2 0.5679012345679012 0.5652488425925926 0.15046296296296297 0.35619212962962965
2 0.4166666666666667 0.6304976851851852 0.15200617283950618 0.2523148148148148
2 0.2935956790123457 0.8219039351851852 0.20949074074074073 0.13049768518518517
2 0.19039351851851852 0.9435763888888888 0.15933641975308643 0.11284722222222222
2 0.17476851851851852 0.6216724537037037 0.10185185185185185 0.11950231481481481
2 0.06346450617283951 0.7280092592592593 0.12384259259259259 0.10185185185185185
2 0.25308641975308643 0.6549479166666666 0.05169753086419753 0.1947337962962963
2 0.32079475308641975 0.5753761574074074 0.04282407407407408 0.044270833333333336
2 0.017746913580246913 0.8265335648148148 0.035493827160493825 0.09056712962962964
2 0.10407021604938271 0.8551793981481481 0.07233796296296297 0.055266203703703706
2 0.15200617283950618 0.7676504629629629 0.05015432098765432 0.17708333333333334
2 0.12027391975308642 0.8097511574074074 0.045717592592592594 0.044270833333333336
2 0.20650077160493827 0.7235243055555556 0.03838734567901234 0.05758101851851852