1 0.1125 0.37444444444444447 0.225 0.3511111111111111
1 0.33416666666666667 0.4677777777777778 0.23333333333333334 0.4
1 0.58875 0.5694444444444444 0.2991666666666667 0.37444444444444447
1 0.77625 0.6438888888888888 0.1075 0.27444444444444444
1 0.8483333333333334 0.1461111111111111 0.011666666666666667 0.0077777777777777776
1 0.8808333333333334 0.2288888888888889 0.02666666666666667 0.06
1 0.9125 0.31277777777777777 0.03 0.06333333333333334
1 0.9566666666666667 0.5 0.04 0.1111111111111111
1 0.8908333333333334 0.6805555555555556 0.055 0.12555555555555556
1 0.9620833333333333 0.77 0.0475 0.03333333333333333
1 0.90375 0.8422222222222222 0.05416666666666667 0.07777777777777778
1 0.9570833333333333 0.9761111111111112 0.08583333333333333 0.04777777777777778
1 0.49125 0.8833333333333333 0.1975 0.23333333333333334
1 0.23916666666666667 0.7777777777777778 0.08333333333333333 0.08222222222222222
1 0.5583333333333333 0.04111111111111111 0.07166666666666667 0.08222222222222222
1 0.22208333333333333 0.08666666666666667 0.06583333333333333 0.06222222222222222
1 0.9816666666666667 0.2411111111111111 0.028333333333333332 0.13555555555555557
1 0.87375 0.021666666666666667 0.09583333333333334 0.043333333333333335
1 0.8391666666666666 0.9888888888888889 0.056666666666666664 0.022222222222222223