1 0.548828125 0.052734375 0.07421875 0.05078125
1 0.421875 0.056640625 0.0625 0.05078125
1 0.302734375 0.1328125 0.20703125 0.125
1 0.169921875 0.275390625 0.19140625 0.15234375
1 0.064453125 0.484375 0.08984375 0.265625
1 0.81640625 0.15625 0.234375 0.3125
1 0.642578125 0.376953125 0.10546875 0.39453125
1 0.740234375 0.546875 0.08984375 0.109375
1 0.912109375 0.5625 0.17578125 0.5
1 0.869140625 0.90625 0.26171875 0.1875
1 0.78515625 0.76953125 0.0703125 0.078125
1 0.775390625 0.63671875 0.05078125 0.03125
1 0.666015625 0.62890625 0.08203125 0.0546875
1 0.67578125 0.763671875 0.0625 0.14453125
1 0.37890625 0.623046875 0.21875 0.75390625
1 0.2421875 0.45703125 0.046875 0.1171875
1 0.15625 0.841796875 0.0859375 0.31640625
1 0.24609375 0.94140625 0.046875 0.1171875
1 0.53125 0.84765625 0.0859375 0.3046875
1 0.5546875 0.197265625 0.03125 0.05078125