0 0.560546875 0.44140625 0.16015625 0.8828125
0 0.50390625 0.947265625 0.125 0.09765625
0 0.365234375 0.91015625 0.10546875 0.0625
0 0.3203125 0.98046875 0.0546875 0.0390625
0 0.1953125 0.720703125 0.046875 0.05078125
0 0.3828125 0.71875 0.046875 0.1015625
0 0.44140625 0.724609375 0.0703125 0.30859375
0 0.375 0.51171875 0.0390625 0.109375
0 0.32421875 0.587890625 0.0625 0.04296875
0 0.759765625 0.09765625 0.23046875 0.1953125
0 0.806640625 0.27734375 0.28515625 0.15625
0 0.953125 0.099609375 0.09375 0.19140625
0 0.7890625 0.482421875 0.25 0.24609375
0 0.783203125 0.638671875 0.19140625 0.05859375
0 0.724609375 0.71484375 0.05078125 0.0234375
0 0.796875 0.71484375 0.0546875 0.1171875
0 0.7421875 0.779296875 0.0546875 0.08984375
0 0.701171875 0.88671875 0.03515625 0.046875
0 0.779296875 0.896484375 0.08984375 0.16015625
0 0.904296875 0.810546875 0.08203125 0.15234375
0 0.96484375 0.955078125 0.0703125 0.08203125
0 0.83984375 0.94140625 0.109375 0.109375
0 0.3828125 0.0859375 0.1640625 0.171875
0 0.32421875 0.232421875 0.0859375 0.05078125
0 0.44140625 0.23828125 0.0703125 0.03125
0 0.43359375 0.35546875 0.046875 0.046875
0 0.44921875 0.478515625 0.046875 0.07421875
0 0.19140625 0.0390625 0.0703125 0.078125
0 0.27734375 0.044921875 0.0390625 0.04296875