0 0.291015625 0.41796875 0.26171875 0.5625
0 0.736328125 0.08984375 0.09765625 0.1796875
0 0.58203125 0.119140625 0.0546875 0.07421875
0 0.544921875 0.029296875 0.05859375 0.05078125
0 0.52734375 0.166015625 0.0390625 0.05859375
0 0.447265625 0.291015625 0.04296875 0.08203125
0 0.611328125 0.359375 0.08984375 0.0703125
0 0.734375 0.36328125 0.109375 0.0546875
0 0.755859375 0.419921875 0.06640625 0.05078125
0 0.73046875 0.498046875 0.0703125 0.05859375
0 0.552734375 0.533203125 0.11328125 0.05078125
0 0.71484375 0.68359375 0.0625 0.1953125
0 0.900390625 0.630859375 0.11328125 0.08203125
0 0.79296875 0.71875 0.0625 0.0390625
0 0.984375 0.728515625 0.03125 0.05859375
0 0.974609375 0.22265625 0.05078125 0.3125
0 0.287109375 0.025390625 0.08984375 0.04296875
0 0.044921875 0.05078125 0.08203125 0.0625
0 0.041015625 0.265625 0.06640625 0.0546875
0 0.076171875 0.15234375 0.07421875 0.046875
0 0.05859375 0.4140625 0.0546875 0.0703125
0 0.04296875 0.58203125 0.0859375 0.1328125
0 0.12109375 0.7109375 0.0625 0.0703125
0 0.033203125 0.7265625 0.06640625 0.1171875
0 0.03515625 0.892578125 0.0703125 0.12890625
0 0.130859375 0.91796875 0.05078125 0.0859375
0 0.279296875 0.8515625 0.15234375 0.296875
0 0.5625 0.943359375 0.0859375 0.11328125
0 0.693359375 0.890625 0.06640625 0.21875
0 0.53125 0.82421875 0.0703125 0.0625
0 0.427734375 0.73828125 0.09765625 0.03125
0 0.408203125 0.794921875 0.08203125 0.06640625
0 0.455078125 0.9140625 0.12109375 0.109375
0 0.91015625 0.779296875 0.09375 0.04296875
0 0.896484375 0.521484375 0.03515625 0.05859375
0 0.107421875 0.255859375 0.06640625 0.12109375
0 0.9296875 0.025390625 0.125 0.05078125
0 0.232421875 0.091796875 0.06640625 0.08203125