1 0.435546875 0.525390625 0.08984375 0.10546875
1 0.75390625 0.052734375 0.0625 0.10546875
1 0.763671875 0.185546875 0.05078125 0.07421875
1 0.666015625 0.2421875 0.05859375 0.0625
1 0.728515625 0.294921875 0.05078125 0.04296875
1 0.8359375 0.4375 0.1328125 0.171875
1 0.767578125 0.833984375 0.16796875 0.33203125
1 0.919921875 0.67578125 0.05859375 0.2578125
1 0.5703125 0.83984375 0.21875 0.3203125
1 0.6484375 0.5078125 0.125 0.3125
1 0.572265625 0.349609375 0.03515625 0.05078125
1 0.84765625 0.23828125 0.078125 0.1484375
1 0.26171875 0.376953125 0.4765625 0.11328125
1 0.1640625 0.193359375 0.1953125 0.25390625
1 0.431640625 0.23828125 0.08984375 0.140625
1 0.205078125 0.462890625 0.04296875 0.03515625
1 0.3203125 0.17578125 0.0546875 0.0390625
1 0.37109375 0.12890625 0.0546875 0.03125
1 0.328125 0.28515625 0.0703125 0.046875
1 0.029296875 0.521484375 0.05859375 0.16796875
1 0.107421875 0.556640625 0.03515625 0.02734375
1 0.158203125 0.62890625 0.05078125 0.140625
1 0.240234375 0.689453125 0.05078125 0.07421875
1 0.212890625 0.91015625 0.42578125 0.1796875
1 0.189453125 0.7734375 0.01953125 0.03125
1 0.26953125 0.619140625 0.03125 0.03515625
1 0.03125 0.642578125 0.0625 0.07421875
1 0.08203125 0.734375 0.046875 0.0234375
1 0.140625 0.783203125 0.03125 0.06640625
1 0.9453125 0.2890625 0.078125 0.40625