1 0.259765625 0.171875 0.51171875 0.15625
1 0.18359375 0.07421875 0.0703125 0.046875
1 0.578125 0.134765625 0.0390625 0.04296875
1 0.83984375 0.173828125 0.3046875 0.20703125
1 0.634765625 0.34375 0.08984375 0.109375
1 0.541015625 0.408203125 0.05078125 0.06640625
1 0.81640625 0.443359375 0.1953125 0.34765625
1 0.248046875 0.2890625 0.21484375 0.078125
1 0.091796875 0.439453125 0.12890625 0.11328125
1 0.04296875 0.318359375 0.0546875 0.13671875
1 0.400390625 0.462890625 0.06640625 0.08984375
1 0.29296875 0.576171875 0.09375 0.21484375
1 0.396484375 0.662109375 0.08984375 0.15234375
1 0.244140625 0.740234375 0.08203125 0.04296875
1 0.193359375 0.619140625 0.07421875 0.05859375
1 0.556640625 0.53125 0.05859375 0.109375
1 0.669921875 0.75 0.11328125 0.171875
1 0.794921875 0.681640625 0.13671875 0.12890625
1 0.5546875 0.626953125 0.0703125 0.08203125
1 0.546875 0.744140625 0.0546875 0.06640625
1 0.736328125 0.931640625 0.19921875 0.12890625
1 0.611328125 0.2109375 0.14453125 0.109375