2 0.860909090909091 0.42857142857142855 0.2781818181818182 0.34382566585956414
2 0.7 0.21428571428571427 0.2581818181818182 0.07506053268765134
2 0.6218181818181818 0.576271186440678 0.1890909090909091 0.28087167070217917
2 0.5472727272727272 0.29782082324455206 0.28363636363636363 0.08716707021791767
2 0.38636363636363635 0.4225181598062954 0.14363636363636365 0.162227602905569
2 0.3890909090909091 0.7421307506053268 0.26545454545454544 0.08958837772397095
2 0.4309090909090909 0.6198547215496368 0.19636363636363635 0.15980629539951574
2 0.3054545454545455 0.6828087167070218 0.05090909090909091 0.043583535108958835
2 0.22818181818181818 0.8631961259079903 0.25636363636363635 0.15254237288135594
2 0.26636363636363636 0.4963680387409201 0.07454545454545454 0.1162227602905569
2 0.49454545454545457 0.47336561743341404 0.06909090909090909 0.07506053268765134
2 0.27 0.5714285714285714 0.056363636363636366 0.0387409200968523
2 0.30363636363636365 0.6016949152542372 0.02181818181818182 0.01694915254237288
2 0.2290909090909091 0.6150121065375302 0.05454545454545454 0.048426150121065374
2 0.16545454545454547 0.62590799031477 0.04363636363636364 0.04116222760290557
2 0.13363636363636364 0.5811138014527845 0.04181818181818182 0.043583535108958835
2 0.06909090909090909 0.6150121065375302 0.04727272727272727 0.06295399515738499
2 0.16818181818181818 0.715496368038741 0.056363636363636366 0.06053268765133172
2 0.04363636363636364 0.7397094430992736 0.08727272727272728 0.14285714285714285
2 0.007272727272727273 0.8571428571428571 0.014545454545454545 0.03389830508474576
2 0.05545454545454546 0.9043583535108959 0.0890909090909091 0.06537530266343826
2 0.07272727272727272 0.8450363196125908 0.05454545454545454 0.05811138014527845
2 0.5990909090909091 0.38619854721549635 0.2381818181818182 0.0847457627118644
2 0.3009090909090909 0.6440677966101694 0.02727272727272727 0.009685230024213076