1 0.671875 0.484375 0.1640625 0.1875
1 0.484375 0.626953125 0.0703125 0.31640625
1 0.345703125 0.62890625 0.11328125 0.3515625
1 0.333984375 0.90234375 0.08984375 0.1953125
1 0.65234375 0.96484375 0.0546875 0.0546875
1 0.546875 0.873046875 0.0625 0.05078125
1 0.732421875 0.119140625 0.08984375 0.07421875
1 0.19921875 0.36328125 0.375 0.109375
1 0.14453125 0.705078125 0.2890625 0.57421875
1 0.671875 0.2578125 0.25 0.171875
1 0.28515625 0.162109375 0.375 0.28515625
1 0.5546875 0.58203125 0.0625 0.296875
1 0.77734375 0.927734375 0.0546875 0.14453125
1 0.541015625 0.09375 0.04296875 0.078125
1 0.703125 0.009765625 0.046875 0.01953125
1 0.931640625 0.04296875 0.05859375 0.0859375
1 0.623046875 0.64453125 0.06640625 0.125
1 0.853515625 0.556640625 0.05078125 0.06640625
1 0.78515625 0.51953125 0.0703125 0.0625
1 0.7890625 0.6171875 0.125 0.0625
1 0.73828125 0.69140625 0.0703125 0.0703125
1 0.6484375 0.732421875 0.0390625 0.04296875
1 0.91796875 0.58203125 0.0703125 0.125
1 0.80078125 0.05859375 0.03125 0.078125