1 0.5 0.796875 1 0.40625
1 0.205078125 0.55078125 0.41015625 0.0859375
1 0.126953125 0.34375 0.23828125 0.3359375
1 0.212890625 0.072265625 0.16015625 0.09765625
1 0.271484375 0.203125 0.05859375 0.0546875
1 0.396484375 0.359375 0.04296875 0.046875
1 0.748046875 0.53125 0.19921875 0.125
1 0.556640625 0.48046875 0.03515625 0.1953125
1 0.890625 0.12890625 0.1875 0.2578125
1 0.763671875 0.275390625 0.05078125 0.16015625
1 0.634765625 0.30078125 0.08984375 0.09375
1 0.55859375 0.287109375 0.0546875 0.08203125
1 0.46875 0.19921875 0.0703125 0.2265625
1 0.349609375 0.2265625 0.07421875 0.125
1 0.400390625 0.044921875 0.08203125 0.05078125
1 0.61328125 0.14453125 0.046875 0.0703125
1 0.716796875 0.048828125 0.10546875 0.09765625
1 0.8125 0.36328125 0.0390625 0.0703125