2 0.880859375 0.076171875 0.14453125 0.15234375
2 0.61328125 0.0859375 0.328125 0.171875
2 0.37109375 0.240234375 0.046875 0.24609375
2 0.3125 0.26171875 0.0546875 0.1484375
2 0.849609375 0.5390625 0.13671875 0.4453125
2 0.5390625 0.5859375 0.25 0.828125
2 0.73828125 0.509765625 0.0546875 0.20703125
2 0.68359375 0.421875 0.0234375 0.0859375
2 0.166015625 0.6015625 0.09765625 0.3515625
2 0.0703125 0.923828125 0.078125 0.15234375
2 0.169921875 0.892578125 0.05859375 0.14453125
2 0.24609375 0.625 0.0703125 0.203125
2 0.384765625 0.685546875 0.05078125 0.62890625
2 0.322265625 0.796875 0.06640625 0.40625
2 0.2421875 0.86328125 0.0859375 0.2734375
2 0.76171875 0.8828125 0.203125 0.234375
2 0.7265625 0.7265625 0.109375 0.078125
2 0.89453125 0.232421875 0.0625 0.16015625
2 0.216796875 0.095703125 0.10546875 0.19140625