0 0.609375 0.548828125 0.078125 0.70703125
0 0.521484375 0.0859375 0.01953125 0.109375
0 0.458984375 0.18359375 0.05078125 0.125
0 0.3984375 0.310546875 0.0390625 0.08984375
0 0.349609375 0.279296875 0.05078125 0.10546875
0 0.095703125 0.05078125 0.19140625 0.1015625
0 0.318359375 0.0546875 0.12109375 0.0546875
0 0.326171875 0.115234375 0.15234375 0.05078125
0 0.07421875 0.140625 0.109375 0.0625
0 0.078125 0.255859375 0.15625 0.08984375
0 0.18359375 0.3125 0.03125 0.0859375
0 0.0859375 0.359375 0.046875 0.09375
0 0.0234375 0.427734375 0.0390625 0.16796875
0 0.126953125 0.46484375 0.15234375 0.0859375
0 0.095703125 0.55078125 0.05859375 0.0390625
0 0.162109375 0.638671875 0.09765625 0.07421875
0 0.0546875 0.7265625 0.0703125 0.125
0 0.166015625 0.845703125 0.05078125 0.07421875
0 0.55078125 0.314453125 0.0390625 0.05859375
0 0.45703125 0.392578125 0.0859375 0.06640625
0 0.458984375 0.046875 0.09765625 0.0703125
0 0.5859375 0.03125 0.0390625 0.0625
0 0.53125 0.68359375 0.0546875 0.09375
0 0.23046875 0.513671875 0.03125 0.31640625
0 0.345703125 0.369140625 0.05078125 0.05859375
0 0.55078125 0.962890625 0.0390625 0.07421875
0 0.4765625 0.9140625 0.0625 0.078125