2 0.138671875 0.5 0.14453125 1
2 0.787109375 0.66796875 0.25390625 0.65625
2 0.921875 0.171875 0.109375 0.34375
2 0.84375 0.091796875 0.03125 0.11328125
2 0.671875 0.15625 0.1015625 0.140625
2 0.576171875 0.314453125 0.05078125 0.08984375
2 0.486328125 0.1171875 0.10546875 0.171875
2 0.455078125 0.328125 0.05859375 0.15625
2 0.5390625 0.462890625 0.03125 0.20703125
2 0.353515625 0.017578125 0.27734375 0.03515625
2 0.255859375 0.404296875 0.05859375 0.05859375
2 0.466796875 0.78125 0.38671875 0.4375
2 0.603515625 0.53125 0.05859375 0.0625
2 0.46875 0.5390625 0.0546875 0.0625
2 0.39453125 0.373046875 0.0703125 0.04296875
2 0.37109375 0.45703125 0.046875 0.0390625