2 0.24083333333333334 0.04047619047619048 0.05333333333333334 0.08095238095238096
2 0.24708333333333332 0.173015873015873 0.030833333333333334 0.2
2 0.2816666666666667 0.1984126984126984 0.023333333333333334 0.05396825396825397
2 0.5145833333333333 0.06349206349206349 0.04416666666666667 0.12698412698412698
2 0.4216666666666667 0.10634920634920635 0.01 0.047619047619047616
2 0.6154166666666666 0.03650793650793651 0.0175 0.07301587301587302
2 0.7183333333333334 0.05952380952380952 0.015 0.05555555555555555
2 0.7633333333333333 0.11031746031746031 0.013333333333333334 0.18571428571428572
2 0.8075 0.13333333333333333 0.04833333333333333 0.26666666666666666
2 0.7633333333333333 0.2761904761904762 0.025 0.07301587301587302
2 0.7308333333333333 0.2857142857142857 0.025 0.0761904761904762
2 0.67 0.30396825396825394 0.041666666666666664 0.08412698412698413
2 0.6208333333333333 0.19206349206349208 0.015 0.0761904761904762
2 0.57875 0.21349206349206348 0.0325 0.17936507936507937
2 0.7620833333333333 0.6 0.034166666666666665 0.0761904761904762
2 0.7958333333333333 0.5071428571428571 0.04 0.44603174603174606
2 0.7941666666666667 0.8642857142857143 0.025 0.2619047619047619
2 0.7645833333333333 0.9111111111111111 0.019166666666666665 0.07301587301587302
2 0.7183333333333334 0.9777777777777777 0.023333333333333334 0.044444444444444446
2 0.77 0.7888888888888889 0.023333333333333334 0.06984126984126984
2 0.7270833333333333 0.6555555555555556 0.029166666666666667 0.09206349206349207
2 0.71 0.7904761904761904 0.03833333333333333 0.07936507936507936
2 0.7191666666666666 0.42936507936507934 0.04 0.06507936507936508
2 0.265 0.31587301587301586 0.025 0.06984126984126984
2 0.29 0.4007936507936508 0.04 0.10317460317460317
2 0.29833333333333334 0.5111111111111111 0.015 0.10158730158730159
2 0.33208333333333334 0.32857142857142857 0.020833333333333332 0.07936507936507936
2 0.35 0.28095238095238095 0.02666666666666667 0.19047619047619047
2 0.43083333333333335 0.4722222222222222 0.03833333333333333 0.2015873015873016
2 0.38958333333333334 0.5746031746031746 0.0175 0.0761904761904762
2 0.5429166666666667 0.3198412698412698 0.029166666666666667 0.15396825396825398
2 0.4008333333333333 0.8428571428571429 0.04 0.06666666666666667
2 0.4295833333333333 0.9230158730158731 0.04416666666666667 0.10952380952380952
2 0.4379166666666667 0.7682539682539683 0.019166666666666665 0.1492063492063492
2 0.5341666666666667 0.5079365079365079 0.023333333333333334 0.047619047619047616
2 0.5275 0.5746031746031746 0.03666666666666667 0.025396825396825397
2 0.5170833333333333 0.626984126984127 0.0225 0.022222222222222223
2 0.5008333333333334 0.8761904761904762 0.03666666666666667 0.10158730158730159
2 0.3416666666666667 0.476984126984127 0.013333333333333334 0.03015873015873016
2 0.3933333333333333 0.6706349206349206 0.025 0.06507936507936508
2 0.5366666666666666 0.9888888888888889 0.10166666666666667 0.022222222222222223
2 0.6175 0.31746031746031744 0.025 0.09523809523809523
2 0.6175 0.4 0.028333333333333332 0.0761904761904762
2 0.5683333333333334 0.46111111111111114 0.03833333333333333 0.1634920634920635
2 0.6779166666666666 0.5166666666666667 0.034166666666666665 0.1126984126984127
2 0.6075 0.5023809523809524 0.03666666666666667 0.11587301587301588
2 0.63875 0.5547619047619048 0.020833333333333332 0.0873015873015873
2 0.605 0.6555555555555556 0.10333333333333333 0.24444444444444444
2 0.70125 0.6277777777777778 0.0225 0.014285714285714285
2 0.60375 0.8928571428571429 0.07083333333333333 0.20476190476190476
2 0.6716666666666666 0.8428571428571429 0.015 0.07936507936507936
2 0.6529166666666667 0.8833333333333333 0.030833333333333334 0.1380952380952381
2 0.6575 0.9825396825396825 0.03666666666666667 0.01904761904761905