1 0.77734375 0.5234375 0.4453125 0.953125
1 0.5078125 0.25 0.0390625 0.0546875
1 0.091796875 0.240234375 0.15234375 0.33984375
1 0.3125 0.474609375 0.15625 0.12109375
1 0.369140625 0.560546875 0.05078125 0.05078125
1 0.08984375 0.66796875 0.1796875 0.2421875
1 0.5078125 0.802734375 0.0703125 0.16796875
1 0.201171875 0.845703125 0.10546875 0.09765625
1 0.42578125 0.806640625 0.078125 0.05078125
1 0.44921875 0.94921875 0.203125 0.1015625
1 0.091796875 0.970703125 0.18359375 0.05859375
1 0.0703125 0.90234375 0.1171875 0.0703125
1 0.216796875 0.09375 0.07421875 0.078125