2 0.87890625 0.76953125 0.0390625 0.1640625
2 0.77734375 0.78515625 0.046875 0.1796875
2 0.634765625 0.947265625 0.07421875 0.10546875
2 0.72265625 0.974609375 0.046875 0.05078125
2 0.716796875 0.123046875 0.11328125 0.24609375
2 0.837890625 0.083984375 0.11328125 0.16796875
2 0.357421875 0.197265625 0.58984375 0.39453125
2 0.341796875 0.541015625 0.44921875 0.28515625
2 0.6171875 0.681640625 0.046875 0.28515625
2 0.357421875 0.83984375 0.41796875 0.3203125
2 0.708984375 0.41796875 0.04296875 0.046875
2 0.83984375 0.322265625 0.0859375 0.12109375
2 0.72265625 0.29296875 0.0703125 0.0859375
2 0.755859375 0.509765625 0.03515625 0.04296875