2 0.23046875 0.26953125 0.453125 0.5390625
2 0.572265625 0.20703125 0.22265625 0.4140625
2 0.763671875 0.03125 0.22265625 0.0546875
2 0.82421875 0.158203125 0.140625 0.18359375
2 0.72265625 0.310546875 0.03125 0.09765625
2 0.958984375 0.15625 0.08203125 0.28125
2 0.833984375 0.255859375 0.08984375 0.06640625
2 0.775390625 0.341796875 0.02734375 0.04296875
2 0.716796875 0.412109375 0.07421875 0.08203125
2 0.81640625 0.40625 0.078125 0.078125
2 0.953125 0.56640625 0.0703125 0.5625
2 0.853515625 0.51953125 0.08203125 0.109375
2 0.509765625 0.525390625 0.06640625 0.13671875
2 0.6328125 0.498046875 0.078125 0.16015625
2 0.029296875 0.890625 0.05859375 0.21875
2 0.02734375 0.607421875 0.046875 0.09765625
2 0.134765625 0.9296875 0.10546875 0.140625
2 0.244140625 0.84375 0.07421875 0.3125
2 0.345703125 0.76171875 0.10546875 0.4765625
2 0.20703125 0.615234375 0.1171875 0.16796875
2 0.12109375 0.599609375 0.046875 0.05078125
2 0.134765625 0.798828125 0.06640625 0.03515625
2 0.48046875 0.765625 0.171875 0.46875
2 0.619140625 0.779296875 0.08984375 0.06640625
2 0.625 0.96484375 0.1171875 0.0703125
2 0.845703125 0.9453125 0.19921875 0.109375
2 0.775390625 0.66796875 0.12109375 0.0703125
2 0.802734375 0.796875 0.17578125 0.1796875
2 0.662109375 0.634765625 0.03515625 0.06640625
2 0.583984375 0.68359375 0.04296875 0.03125
2 0.67578125 0.775390625 0.0078125 0.03515625
2 0.73828125 0.634765625 0.015625 0.06640625
2 0.021484375 0.697265625 0.01953125 0.02734375
2 0.130859375 0.6796875 0.03515625 0.03125
2 0.72265625 0.169921875 0.0234375 0.03515625