1 0.16015625 0.591796875 0.265625 0.76953125
1 0.248046875 0.03515625 0.09765625 0.0703125
1 0.2109375 0.15625 0.1328125 0.1328125
1 0.404296875 0.087890625 0.19140625 0.17578125
1 0.58984375 0.0546875 0.0703125 0.09375
1 0.787109375 0.07421875 0.19921875 0.1484375
1 0.37109375 0.291015625 0.21875 0.16015625
1 0.484375 0.146484375 0.0078125 0.00390625
1 0.533203125 0.197265625 0.09765625 0.14453125
1 0.765625 0.244140625 0.265625 0.18359375
1 0.3671875 0.478515625 0.1796875 0.18359375
1 0.529296875 0.357421875 0.12890625 0.12109375
1 0.703125 0.466796875 0.1640625 0.27734375
1 0.400390625 0.74609375 0.22265625 0.375
1 0.685546875 0.73046875 0.12890625 0.2578125
1 0.572265625 0.73046875 0.05859375 0.2109375
1 0.49609375 0.984375 0.15625 0.03125