2 0.38 0.11548223350253807 0.23142857142857143 0.23096446700507614
2 0.5957142857142858 0.13451776649746192 0.2 0.26903553299492383
2 0.7171428571428572 0.13959390862944163 0.005714285714285714 0.01015228426395939
2 0.91 0.26649746192893403 0.18 0.18781725888324874
2 0.7578571428571429 0.35152284263959394 0.13857142857142857 0.12944162436548223
2 0.245 0.1281725888324873 0.06428571428571428 0.09390862944162437
2 0.21071428571428572 0.20558375634517767 0.08428571428571428 0.050761421319796954
2 0.1442857142857143 0.2969543147208122 0.04857142857142857 0.06598984771573604
2 0.175 0.3883248730964467 0.08428571428571428 0.04568527918781726
2 0.04357142857142857 0.8794416243654822 0.05285714285714286 0.0583756345177665
2 0.055 0.9606598984771574 0.027142857142857142 0.04314720812182741
2 0.11285714285714285 0.9581218274111675 0.054285714285714284 0.03807106598984772
2 0.14642857142857144 0.8895939086294417 0.07857142857142857 0.04314720812182741
2 0.17 0.8540609137055838 0.04285714285714286 0.017766497461928935
2 0.09357142857142857 0.8312182741116751 0.03857142857142857 0.0532994923857868
2 0.07357142857142857 0.7538071065989848 0.041428571428571426 0.050761421319796954
2 0.15785714285714286 0.7652284263959391 0.0014285714285714286 0.0025380710659898475
2 0.13714285714285715 0.7715736040609137 0.09714285714285714 0.03553299492385787
2 0.10428571428571429 0.7068527918781726 0.037142857142857144 0.03299492385786802
2 0.17285714285714285 0.6954314720812182 0.09142857142857143 0.030456852791878174
2 0.2 0.6484771573604061 0.05714285714285714 0.027918781725888325
2 0.21642857142857144 0.733502538071066 0.07857142857142857 0.050761421319796954
2 0.3707142857142857 0.6510152284263959 0.20142857142857143 0.07360406091370558
2 0.32357142857142857 0.7030456852791879 0.041428571428571426 0.030456852791878174
2 0.33 0.7411167512690355 0.037142857142857144 0.050761421319796954
2 0.23642857142857143 0.9289340101522843 0.047142857142857146 0.05583756345177665
2 0.2292857142857143 0.9911167512690355 0.12142857142857143 0.017766497461928935
2 0.3028571428571429 0.9263959390862944 0.04285714285714286 0.05583756345177665
2 0.275 0.5126903553299492 0.12428571428571429 0.050761421319796954
2 0.6585714285714286 0.44923857868020306 0.10571428571428572 0.050761421319796954
2 0.5321428571428571 0.46954314720812185 0.08714285714285715 0.050761421319796954
2 0.69 0.8236040609137056 0.2342857142857143 0.3477157360406091
2 0.5392857142857143 0.8236040609137056 0.11571428571428571 0.32741116751269034
2 0.4257142857142857 0.868020304568528 0.20857142857142857 0.24873096446700507
2 0.5928571428571429 0.5025380710659898 0.07428571428571429 0.06598984771573604
2 0.9064285714285715 0.7398477157360406 0.18714285714285714 0.3223350253807107
2 0.62 0.6395939086294417 0.12571428571428572 0.050761421319796954
2 0.5 0.5596446700507615 0.10571428571428572 0.07360406091370558
2 0.36357142857142855 0.5710659898477157 0.14714285714285713 0.04568527918781726
2 0.9757142857142858 0.5609137055837563 0.04857142857142857 0.02030456852791878
2 0.7521428571428571 0.6065989847715736 0.1442857142857143 0.08121827411167512
2 0.7757142857142857 0.48350253807106597 0.11714285714285715 0.14974619289340102
2 0.8671428571428571 0.38578680203045684 0.06571428571428571 0.03553299492385787
2 0.8957142857142857 0.467005076142132 0.10857142857142857 0.08121827411167512
2 0.9664285714285714 0.366751269035533 0.03571428571428571 0.04314720812182741
2 0.9814285714285714 0.4720812182741117 0.037142857142857144 0.14213197969543148
2 0.9128571428571428 0.5596446700507615 0.03428571428571429 0.03807106598984772
2 0.21928571428571428 0.5799492385786802 0.027142857142857142 0.027918781725888325