1 0.4609375 0.044921875 0.0859375 0.03515625
1 0.705078125 0.03515625 0.05078125 0.046875
1 0.87109375 0.0234375 0.09375 0.046875
1 0.68359375 0.103515625 0.0546875 0.04296875
1 0.79296875 0.091796875 0.0546875 0.05078125
1 0.75390625 0.140625 0.046875 0.046875
1 0.921875 0.224609375 0.15625 0.08984375
1 0.765625 0.291015625 0.15625 0.09765625
1 0.58203125 0.318359375 0.171875 0.08984375
1 0.572265625 0.134765625 0.10546875 0.05859375
1 0.212890625 0.21484375 0.07421875 0.046875
1 0.181640625 0.14453125 0.05078125 0.078125
1 0.30859375 0.283203125 0.078125 0.03515625
1 0.169921875 0.306640625 0.09765625 0.13671875
1 0.021484375 0.0625 0.04296875 0.03125
1 0.06640625 0.150390625 0.09375 0.06640625
1 0.455078125 0.416015625 0.06640625 0.05859375
1 0.396484375 0.720703125 0.23046875 0.55859375
1 0.162109375 0.818359375 0.23828125 0.36328125
1 0.681640625 0.78125 0.34765625 0.4375