0 0.7890625 0.505859375 0.1484375 0.42578125
0 0.61328125 0.16796875 0.1171875 0.3359375
0 0.7109375 0.12109375 0.0703125 0.1484375
0 0.3828125 0.212890625 0.1875 0.42578125
0 0.125 0.693359375 0.2265625 0.16796875
0 0.123046875 0.890625 0.13671875 0.21875
0 0.62890625 0.5078125 0.1484375 0.328125
0 0.431640625 0.86328125 0.11328125 0.2734375
0 0.318359375 0.927734375 0.06640625 0.12890625
0 0.412109375 0.4921875 0.08203125 0.1015625
0 0.814453125 0.806640625 0.05078125 0.07421875
0 0.908203125 0.890625 0.08203125 0.21875
0 0.66796875 0.880859375 0.1875 0.12109375
0 0.494140625 0.623046875 0.05859375 0.05859375
0 0.8046875 0.21875 0.109375 0.09375
0 0.150390625 0.34375 0.08984375 0.2734375
0 0.263671875 0.412109375 0.03515625 0.04296875
0 0.22265625 0.576171875 0.1171875 0.05078125