0 0.1796875 0.23828125 0.265625 0.4765625
0 0.61328125 0.333984375 0.1171875 0.66796875
0 0.7734375 0.453125 0.125 0.171875
0 0.791015625 0.6328125 0.08203125 0.1015625
0 0.90234375 0.736328125 0.109375 0.08203125
0 0.95703125 0.6015625 0.0703125 0.1328125
0 0.36328125 0.57421875 0.0859375 0.3125
0 0.265625 0.7265625 0.0859375 0.328125
0 0.125 0.857421875 0.109375 0.09765625
0 0.171875 0.9375 0.125 0.078125
0 0.3359375 0.15234375 0.0390625 0.1171875
0 0.3359375 0.3046875 0.0390625 0.1171875
0 0.4453125 0.310546875 0.0859375 0.07421875
0 0.451171875 0.48828125 0.04296875 0.09375
0 0.6171875 0.806640625 0.203125 0.24609375
0 0.7109375 0.6484375 0.03125 0.0859375
0 0.498046875 0.38671875 0.04296875 0.0703125
0 0.416015625 0.837890625 0.03515625 0.12890625
0 0.3359375 0.80859375 0.046875 0.1328125
0 0.4765625 0.779296875 0.0390625 0.09765625
0 0.4609375 0.890625 0.0390625 0.0703125
0 0.302734375 0.9453125 0.08984375 0.109375
0 0.41015625 0.98828125 0.03125 0.0234375
0 0.8125 0.03125 0.1171875 0.0625
0 0.71875 0.173828125 0.0859375 0.15234375
0 0.69921875 0.052734375 0.0390625 0.09765625
0 0.513671875 0.044921875 0.06640625 0.08203125
0 0.533203125 0.27734375 0.03515625 0.09375
0 0.740234375 0.33203125 0.13671875 0.078125
0 0.859375 0.41796875 0.0703125 0.0703125
0 0.9453125 0.4921875 0.0625 0.0625
0 0.80859375 0.818359375 0.03125 0.05859375
0 0.56640625 0.9609375 0.09375 0.078125