0 0.892578125 0.13671875 0.15234375 0.2734375
0 0.5859375 0.447265625 0.2734375 0.37890625
0 0.541015625 0.1328125 0.07421875 0.25
0 0.5390625 0.81640625 0.203125 0.359375
0 0.908203125 0.873046875 0.10546875 0.12109375
0 0.748046875 0.671875 0.03515625 0.0859375
0 0.982421875 0.509765625 0.03515625 0.05078125
0 0.908203125 0.380859375 0.03515625 0.06640625
0 0.845703125 0.5703125 0.06640625 0.0703125
0 0.87890625 0.666015625 0.03125 0.01953125
0 0.95703125 0.67578125 0.0390625 0.03125
0 0.81640625 0.802734375 0.0390625 0.15234375