2 0.7421875 0.591796875 0.2421875 0.65234375
2 0.560546875 0.328125 0.07421875 0.0859375
2 0.568359375 0.546875 0.05859375 0.109375
2 0.5703125 0.685546875 0.0546875 0.07421875
2 0.576171875 0.837890625 0.08203125 0.14453125
2 0.337890625 0.83984375 0.05078125 0.046875
2 0.162109375 0.611328125 0.13671875 0.28515625
2 0.0625 0.857421875 0.1015625 0.20703125
2 0.17578125 0.85546875 0.046875 0.0703125
2 0.240234375 0.923828125 0.04296875 0.05078125
2 0.396484375 0.5078125 0.11328125 0.3515625
2 0.486328125 0.564453125 0.06640625 0.34765625
2 0.359375 0.162109375 0.25 0.32421875
2 0.232421875 0.400390625 0.12890625 0.15234375
2 0.326171875 0.400390625 0.01953125 0.07421875
2 0.30859375 0.78515625 0.03125 0.046875
2 0.25 0.708984375 0.046875 0.07421875
2 0.095703125 0.158203125 0.19140625 0.31640625
2 0.060546875 0.39453125 0.12109375 0.15625
2 0.033203125 0.5703125 0.06640625 0.1953125