2 0.96875 0.169921875 0.0625 0.33984375
2 0.921875 0.033203125 0.0390625 0.06640625
2 0.86328125 0.048828125 0.046875 0.09765625
2 0.806640625 0.064453125 0.05859375 0.12890625
2 0.76953125 0.19140625 0.0234375 0.0703125
2 0.611328125 0.228515625 0.10546875 0.45703125
2 0.6875 0.158203125 0.046875 0.31640625
2 0.744140625 0.083984375 0.06640625 0.16796875
2 0.728515625 0.21484375 0.03515625 0.1171875
2 0.8359375 0.427734375 0.078125 0.32421875
2 0.701171875 0.404296875 0.06640625 0.18359375
2 0.74609375 0.353515625 0.03125 0.08203125
2 0.787109375 0.29296875 0.01953125 0.046875
2 0.888671875 0.33984375 0.01953125 0.0859375
2 0.91015625 0.466796875 0.046875 0.08984375
2 0.97265625 0.40625 0.03125 0.171875
2 0.783203125 0.453125 0.02734375 0.0703125
2 0.609375 0.556640625 0.09375 0.21484375
2 0.587890625 0.830078125 0.06640625 0.33984375
2 0.66796875 0.634765625 0.0703125 0.04296875
2 0.673828125 0.5546875 0.04296875 0.015625
2 0.65234375 0.73046875 0.0546875 0.140625
2 0.74609375 0.68359375 0.046875 0.171875
2 0.705078125 0.736328125 0.01953125 0.11328125
2 0.779296875 0.734375 0.05859375 0.21875
2 0.912109375 0.802734375 0.00390625 0.01953125
2 0.65234375 0.841796875 0.0546875 0.08203125
2 0.71484375 0.837890625 0.0390625 0.12890625
2 0.857421875 0.787109375 0.03515625 0.08984375
2 0.654296875 0.953125 0.05859375 0.09375
2 0.740234375 0.955078125 0.05078125 0.02734375
2 0.78515625 0.888671875 0.046875 0.05078125
2 0.498046875 0.40625 0.08984375 0.796875
2 0.474609375 0.81640625 0.03515625 0.0546875
2 0.521484375 0.890625 0.03515625 0.1953125
2 0.482421875 0.978515625 0.05078125 0.04296875
2 0.390625 0.970703125 0.15625 0.05859375
2 0.197265625 0.9609375 0.06640625 0.0703125
2 0.423828125 0.830078125 0.07421875 0.17578125
2 0.341796875 0.87890625 0.07421875 0.09375
2 0.30078125 0.78515625 0.0859375 0.0625
2 0.34375 0.732421875 0.0546875 0.05859375
2 0.275390625 0.712890625 0.05859375 0.05859375
2 0.267578125 0.6015625 0.05078125 0.0703125
2 0.4375 0.609375 0.0703125 0.203125
2 0.369140625 0.591796875 0.06640625 0.18359375
2 0.447265625 0.173828125 0.03515625 0.08203125
2 0.39453125 0.142578125 0.0703125 0.16015625
2 0.44140625 0.013671875 0.046875 0.01953125
2 0.412109375 0.345703125 0.08203125 0.17578125
2 0.33203125 0.37109375 0.0703125 0.0390625
2 0.32421875 0.234375 0.0546875 0.15625
2 0.310546875 0.11328125 0.05078125 0.0703125
2 0.23828125 0.03125 0.046875 0.0625
2 0.16796875 0.103515625 0.0546875 0.09765625
2 0.11328125 0.228515625 0.09375 0.23046875
2 0.1796875 0.228515625 0.046875 0.04296875
2 0.111328125 0.447265625 0.05078125 0.23046875
2 0.33203125 0.4140625 0.03125 0.078125
2 0.15234375 0.767578125 0.109375 0.11328125
2 0.130859375 0.634765625 0.08984375 0.14453125
2 0.173828125 0.87890625 0.05859375 0.109375
2 0.875 0.689453125 0.0390625 0.08203125
2 0.904296875 0.599609375 0.01171875 0.05859375
2 0.859375 0.619140625 0.0390625 0.01953125
2 0.931640625 0.201171875 0.05078125 0.05078125