1 0.912109375 0.603515625 0.17578125 0.29296875
1 0.798828125 0.24609375 0.37890625 0.4375
1 0.26171875 0.546875 0.125 0.21875
1 0.412109375 0.638671875 0.03515625 0.05859375
1 0.3515625 0.62109375 0.0390625 0.0703125
1 0.431640625 0.416015625 0.06640625 0.03515625
1 0.45703125 0.30859375 0.0390625 0.0390625
1 0.45703125 0.1796875 0.046875 0.0546875
1 0.25 0.35546875 0.125 0.1640625
1 0.6171875 0.703125 0.203125 0.09375
1 0.302734375 0.830078125 0.16796875 0.33984375
1 0.47265625 0.712890625 0.0390625 0.03515625
1 0.5078125 0.765625 0.0390625 0.03125
1 0.427734375 0.119140625 0.13671875 0.10546875
1 0.28125 0.205078125 0.046875 0.04296875
1 0.57421875 0.451171875 0.078125 0.38671875
1 0.19921875 0.123046875 0.046875 0.05078125
1 0.228515625 0.17578125 0.07421875 0.03125