2 0.94140625 0.25390625 0.109375 0.5078125
2 0.86328125 0.275390625 0.0859375 0.37109375
2 0.78125 0.380859375 0.09375 0.25390625
2 0.705078125 0.619140625 0.14453125 0.31640625
2 0.6015625 0.796875 0.1015625 0.2578125
2 0.517578125 0.927734375 0.11328125 0.14453125
2 0.201171875 0.580078125 0.07421875 0.11328125
2 0.1328125 0.62109375 0.1171875 0.1015625
2 0.34375 0.08203125 0.125 0.1640625
2 0.271484375 0.390625 0.12109375 0.21875
2 0.34375 0.431640625 0.140625 0.28515625
2 0.45703125 0.5078125 0.1171875 0.515625
2 0.56640625 0.189453125 0.1640625 0.25390625
2 0.716796875 0.09375 0.09765625 0.1875
2 0.267578125 0.861328125 0.15234375 0.27734375
2 0.369140625 0.822265625 0.11328125 0.12109375
2 0.3203125 0.72265625 0.0625 0.09375