2 0.142578125 0.2890625 0.17578125 0.578125
2 0.392578125 0.2890625 0.32421875 0.578125
2 0.755859375 0.291015625 0.40234375 0.58203125
2 0.02734375 0.828125 0.0546875 0.171875
2 0.357421875 0.69921875 0.09765625 0.2265625
2 0.5546875 0.9609375 0.3125 0.078125
2 0.70703125 0.787109375 0.25 0.25390625
2 0.783203125 0.623046875 0.16796875 0.07421875
2 0.603515625 0.619140625 0.10546875 0.06640625
2 0.232421875 0.658203125 0.05859375 0.11328125
2 0.25 0.763671875 0.03125 0.06640625
2 0.486328125 0.658203125 0.10546875 0.12109375
2 0.47265625 0.810546875 0.0390625 0.04296875
2 0.46875 0.8984375 0.0390625 0.03125
2 0.515625 0.861328125 0.0390625 0.04296875