1 0.353515625 0.583984375 0.17578125 0.26953125
1 0.505859375 0.75 0.04296875 0.046875
1 0.892578125 0.91015625 0.21484375 0.1328125
1 0.53515625 0.181640625 0.078125 0.05078125
1 0.525390625 0.39453125 0.12109375 0.2421875
1 0.6640625 0.279296875 0.109375 0.08203125
1 0.75 0.34765625 0.0625 0.0859375
1 0.861328125 0.466796875 0.08203125 0.08203125
1 0.701171875 0.427734375 0.07421875 0.05078125
1 0.373046875 0.041015625 0.13671875 0.07421875
1 0.509765625 0.037109375 0.14453125 0.07421875
1 0.291015625 0.3515625 0.25390625 0.1796875
1 0.189453125 0.490234375 0.14453125 0.11328125
1 0.974609375 0.6171875 0.05078125 0.0625
1 0.6875 0.171875 0.203125 0.125