2 0.423828125 0.171875 0.10546875 0.2265625
2 0.564453125 0.11328125 0.10546875 0.1484375
2 0.373046875 0.455078125 0.09765625 0.20703125
2 0.326171875 0.623046875 0.05859375 0.07421875
2 0.50390625 0.71875 0.0703125 0.359375
2 0.265625 0.84765625 0.1640625 0.3046875
2 0.05859375 0.134765625 0.0859375 0.26953125
2 0.134765625 0.505859375 0.13671875 0.33203125
2 0.583984375 0.626953125 0.03515625 0.21484375
2 0.64453125 0.69140625 0.046875 0.1875
2 0.640625 0.353515625 0.0625 0.19140625
2 0.568359375 0.36328125 0.04296875 0.0546875
2 0.841796875 0.30859375 0.28515625 0.515625
2 0.787109375 0.64453125 0.05859375 0.1640625
2 0.865234375 0.732421875 0.07421875 0.22265625
2 0.822265625 0.94921875 0.05859375 0.1015625
2 0.90625 0.912109375 0.0546875 0.09765625