0 0.14488188976377953 0.36211031175059955 0.27716535433070866 0.15347721822541965
0 0.6433070866141732 0.3333333333333333 0.215748031496063 0.0815347721822542
0 0.862992125984252 0.28177458033573144 0.15118110236220472 0.06474820143884892
0 0.9519685039370078 0.39448441247002397 0.09606299212598425 0.07434052757793765
0 0.6488188976377953 0.4616306954436451 0.4 0.1510791366906475
0 0.2984251968503937 0.49760191846522783 0.27874015748031494 0.05995203836930456
0 0.15196850393700786 0.657074340527578 0.2094488188976378 0.10071942446043165
0 0.4881889763779528 0.7985611510791367 0.4881889763779528 0.1342925659472422
0 0.6409448818897637 0.6750599520383693 0.30236220472440944 0.11750599520383694
0 0.9299212598425197 0.5827338129496403 0.13700787401574804 0.07194244604316546
0 0.9047244094488189 0.6906474820143885 0.19055118110236222 0.03836930455635491