2 0.810546875 0.3671875 0.09765625 0.3203125
2 0.951171875 0.4140625 0.08203125 0.265625
2 0.658203125 0.482421875 0.05078125 0.10546875
2 0.61328125 0.384765625 0.0546875 0.16015625
2 0.48828125 0.353515625 0.046875 0.07421875
2 0.435546875 0.21875 0.06640625 0.171875
2 0.5078125 0.650390625 0.0859375 0.26171875
2 0.677734375 0.703125 0.05078125 0.0859375
2 0.828125 0.908203125 0.2265625 0.18359375
2 0.84765625 0.75390625 0.1484375 0.1171875
2 0.931640625 0.62109375 0.07421875 0.140625
2 0.123046875 0.775390625 0.08984375 0.14453125
2 0.08984375 0.958984375 0.046875 0.08203125
2 0.02734375 0.4375 0.0546875 0.1875
2 0.0703125 0.16796875 0.140625 0.3359375
2 0.201171875 0.220703125 0.04296875 0.08203125
2 0.236328125 0.39453125 0.05078125 0.0625
2 0.22265625 0.55078125 0.0390625 0.0625
2 0.322265625 0.384765625 0.08984375 0.16015625
2 0.6171875 0.255859375 0.0625 0.04296875
2 0.01171875 0.732421875 0.0234375 0.12890625
2 0.3359375 0.06640625 0.0625 0.1328125
2 0.486328125 0.046875 0.05859375 0.0390625
2 0.271484375 0.255859375 0.05078125 0.09765625