0 0.1796875 0.076171875 0.046875 0.04296875
0 0.51171875 0.326171875 0.1171875 0.65234375
0 0.625 0.064453125 0.0546875 0.09765625
0 0.654296875 0.240234375 0.05078125 0.05859375
0 0.6015625 0.341796875 0.0390625 0.04296875
0 0.71875 0.166015625 0.03125 0.10546875
0 0.775390625 0.1484375 0.08203125 0.296875
0 0.228515625 0.3984375 0.02734375 0.0390625
0 0.361328125 0.228515625 0.17578125 0.45703125
0 0.24609375 0.1328125 0.046875 0.2109375
0 0.140625 0.19921875 0.0234375 0.046875
0 0.037109375 0.412109375 0.05859375 0.66015625
0 0.21875 0.498046875 0.0625 0.05859375
0 0.115234375 0.515625 0.09765625 0.171875
0 0.236328125 0.623046875 0.08984375 0.09765625
0 0.130859375 0.75390625 0.10546875 0.2421875
0 0.044921875 0.78515625 0.06640625 0.0859375
0 0.251953125 0.720703125 0.12890625 0.09765625
0 0.240234375 0.818359375 0.10546875 0.09765625
0 0.17578125 0.9375 0.1484375 0.125
0 0.35546875 0.4921875 0.0546875 0.03125
0 0.345703125 0.556640625 0.03515625 0.04296875
0 0.390625 0.646484375 0.0859375 0.05859375
0 0.37109375 0.794921875 0.0546875 0.12109375
0 0.34765625 0.919921875 0.0546875 0.05078125
0 0.302734375 0.96875 0.04296875 0.03125
0 0.4296875 0.962890625 0.0703125 0.07421875
0 0.369140625 0.978515625 0.04296875 0.04296875
0 0.546875 0.740234375 0.0546875 0.05859375
0 0.478515625 0.685546875 0.07421875 0.04296875
0 0.45703125 0.810546875 0.1015625 0.20703125
0 0.556640625 0.837890625 0.11328125 0.09765625
0 0.84375 0.82421875 0.0546875 0.078125
0 0.802734375 0.8828125 0.05078125 0.046875
0 0.671875 0.9453125 0.0859375 0.109375
0 0.59765625 0.962890625 0.0390625 0.07421875
0 0.71484375 0.70703125 0.03125 0.03125
0 0.642578125 0.779296875 0.02734375 0.04296875
0 0.734375 0.595703125 0.0859375 0.07421875
0 0.61328125 0.521484375 0.0546875 0.13671875
0 0.615234375 0.68359375 0.04296875 0.0234375
0 0.6875 0.375 0.0625 0.0390625
0 0.796875 0.35546875 0.03125 0.09375
0 0.6015625 0.14453125 0.03125 0.0234375