0 0.09375 0.341796875 0.078125 0.17578125
0 0.076171875 0.5625 0.12109375 0.140625
0 0.275390625 0.404296875 0.06640625 0.10546875
0 0.373046875 0.259765625 0.09765625 0.51953125
0 0.48046875 0.322265625 0.0625 0.09765625
0 0.603515625 0.369140625 0.10546875 0.19921875
0 0.69921875 0.474609375 0.1640625 0.58203125
0 0.658203125 0.927734375 0.09765625 0.08984375
0 0.8203125 0.859375 0.046875 0.046875
0 0.85546875 0.318359375 0.0703125 0.04296875
0 0.794921875 0.08203125 0.06640625 0.0546875
0 0.958984375 0.142578125 0.08203125 0.20703125
0 0.95703125 0.43359375 0.0625 0.1875
0 0.904296875 0.6796875 0.06640625 0.296875
0 0.248046875 0.96875 0.16796875 0.046875