0 0.533203125 0.51171875 0.20703125 0.96875
0 0.373046875 0.775390625 0.08984375 0.44921875
0 0.71484375 0.7734375 0.1328125 0.4453125
0 0.94140625 0.2421875 0.1171875 0.2578125
0 0.78125 0.439453125 0.1015625 0.08203125
0 0.841796875 0.796875 0.10546875 0.140625
0 0.974609375 0.912109375 0.04296875 0.16796875
0 0.966796875 0.62109375 0.05859375 0.2109375
0 0.857421875 0.943359375 0.15234375 0.10546875
0 0.345703125 0.2578125 0.12890625 0.515625
0 0.779296875 0.111328125 0.05078125 0.05859375
0 0.8203125 0.017578125 0.078125 0.03515625