2 0.626953125 0.080078125 0.24609375 0.16015625
2 0.447265625 0.130859375 0.06640625 0.16015625
2 0.306640625 0.140625 0.07421875 0.0625
2 0.375 0.19921875 0.046875 0.1015625
2 0.10546875 0.017578125 0.15625 0.03515625
2 0.14453125 0.0703125 0.0546875 0.0625
2 0.041015625 0.09765625 0.05078125 0.0546875
2 0.1484375 0.181640625 0.0625 0.05078125
2 0.037109375 0.205078125 0.05078125 0.04296875
2 0.142578125 0.3671875 0.15234375 0.1484375
2 0.236328125 0.185546875 0.03515625 0.05859375
2 0.982421875 0.09765625 0.03515625 0.078125
2 0.87109375 0.20703125 0.140625 0.21875
2 0.748046875 0.23828125 0.05078125 0.0625
2 0.61328125 0.294921875 0.078125 0.10546875
2 0.923828125 0.328125 0.05078125 0.03125
2 0.794921875 0.47265625 0.17578125 0.2421875
2 0.556640625 0.720703125 0.18359375 0.55859375
2 0.82421875 0.791015625 0.3515625 0.41015625
2 0.94140625 0.544921875 0.1171875 0.08203125
2 0.390625 0.3203125 0.078125 0.046875
2 0.34765625 0.396484375 0.1015625 0.03515625
2 0.267578125 0.4453125 0.03515625 0.0390625
2 0.318359375 0.6640625 0.14453125 0.3203125
2 0.12109375 0.69921875 0.2421875 0.3515625