2 0.298828125 0.876953125 0.35546875 0.24609375
2 0.68359375 0.17578125 0.3515625 0.3515625
2 0.466796875 0.48828125 0.26953125 0.5234375
2 0.3125 0.654296875 0.078125 0.23828125
2 0.033203125 0.814453125 0.06640625 0.10546875
2 0.251953125 0.544921875 0.08984375 0.15234375
2 0.619140625 0.890625 0.12890625 0.21875
2 0.728515625 0.95703125 0.04296875 0.0859375
2 0.755859375 0.65625 0.07421875 0.1640625
2 0.669921875 0.740234375 0.07421875 0.10546875
2 0.62109375 0.603515625 0.09375 0.08984375
2 0.697265625 0.376953125 0.10546875 0.09765625
2 0.927734375 0.685546875 0.11328125 0.16796875
2 0.833984375 0.78515625 0.08984375 0.0859375
2 0.73828125 0.83984375 0.0703125 0.078125
2 0.9296875 0.16796875 0.0859375 0.1328125
2 0.220703125 0.326171875 0.05859375 0.13671875
2 0.1484375 0.041015625 0.1171875 0.08203125
2 0.123046875 0.962890625 0.11328125 0.07421875
2 0.685546875 0.376953125 0.25390625 0.25390625
2 0.8984375 0.3828125 0.0859375 0.109375
2 0.111328125 0.169921875 0.11328125 0.30859375
2 0.171875 0.46484375 0.1171875 0.1875
2 0.37109375 0.197265625 0.078125 0.09765625