2 0.70703125 0.072265625 0.0703125 0.14453125
2 0.873046875 0.060546875 0.05078125 0.12109375
2 0.96484375 0.140625 0.0703125 0.28125
2 0.71875 0.2578125 0.1171875 0.1953125
2 0.888671875 0.423828125 0.11328125 0.15234375
2 0.923828125 0.3125 0.06640625 0.0625
2 0.794921875 0.26953125 0.03515625 0.0546875
2 0.4375 0.115234375 0.1484375 0.23046875
2 0.20703125 0.1171875 0.3125 0.234375
2 0.76953125 0.470703125 0.0703125 0.03515625
2 0.8203125 0.572265625 0.0703125 0.13671875
2 0.6484375 0.587890625 0.078125 0.18359375
2 0.5390625 0.19140625 0.046875 0.1015625
2 0.49609375 0.275390625 0.0703125 0.08984375
2 0.51171875 0.4765625 0.0703125 0.0859375
2 0.54296875 0.78125 0.078125 0.4375
2 0.681640625 0.833984375 0.19921875 0.30859375
2 0.453125 0.44921875 0.0546875 0.046875
2 0.4765625 0.390625 0.0546875 0.078125
2 0.42578125 0.51953125 0.0703125 0.0859375
2 0.548828125 0.326171875 0.02734375 0.03515625
2 0.595703125 0.369140625 0.04296875 0.01953125
2 0.267578125 0.2734375 0.08984375 0.078125
2 0.146484375 0.27734375 0.05859375 0.0703125
2 0.01953125 0.287109375 0.0390625 0.05859375
2 0.11328125 0.3984375 0.078125 0.1015625
2 0.22265625 0.404296875 0.0234375 0.02734375
2 0.162109375 0.443359375 0.01953125 0.03515625
2 0.150390625 0.533203125 0.08203125 0.06640625
2 0.333984375 0.490234375 0.05078125 0.12109375
2 0.123046875 0.71484375 0.16796875 0.1796875
2 0.35546875 0.88671875 0.2890625 0.2265625
2 0.18359375 0.91796875 0.0625 0.109375
2 0.423828125 0.671875 0.05859375 0.046875
2 0.453125 0.732421875 0.0625 0.05859375
2 0.3515625 0.73828125 0.0859375 0.046875
2 0.28515625 0.615234375 0.046875 0.09765625
2 0.23828125 0.693359375 0.0625 0.11328125