2 0.0984251968503937 0.29080118694362017 0.1968503937007874 0.11869436201780416
2 0.10925196850393701 0.3916913946587537 0.0610236220472441 0.02967359050445104
2 0.06299212598425197 0.4629080118694362 0.12598425196850394 0.0712166172106825
2 0.0984251968503937 0.612759643916914 0.1968503937007874 0.10979228486646884
2 0.38484251968503935 0.6572700296735905 0.5019685039370079 0.1632047477744807
2 0.6112204724409449 0.8353115727002968 0.13976377952755906 0.1513353115727003
2 0.8011811023622047 0.7774480712166172 0.20866141732283464 0.10682492581602374
2 0.6122047244094488 0.39317507418397624 0.4448818897637795 0.41839762611275966
2 0.8730314960629921 0.5370919881305638 0.14763779527559054 0.0712166172106825
2 0.343503937007874 0.516320474777448 0.15551181102362205 0.11869436201780416
2 0.8562992125984252 0.28486646884273 0.1968503937007874 0.10682492581602374
2 0.9783464566929134 0.38427299703264095 0.04330708661417323 0.08605341246290801
2 0.38188976377952755 0.2952522255192878 0.07874015748031496 0.2166172106824926