0 0.91796875 0.2890625 0.0625 0.2421875
0 0.85546875 0.3046875 0.0625 0.1015625
0 0.841796875 0.533203125 0.11328125 0.07421875
0 0.705078125 0.396484375 0.04296875 0.04296875
0 0.71484375 0.208984375 0.078125 0.16015625
0 0.646484375 0.037109375 0.09765625 0.07421875
0 0.78125 0.064453125 0.0390625 0.12890625
0 0.537109375 0.064453125 0.03515625 0.08203125
0 0.376953125 0.083984375 0.17578125 0.16796875
0 0.26953125 0.1328125 0.0390625 0.0546875
0 0.08984375 0.033203125 0.0703125 0.06640625
0 0.021484375 0.158203125 0.04296875 0.10546875
0 0.52734375 0.505859375 0.171875 0.48828125
0 0.63671875 0.44921875 0.0546875 0.078125
0 0.494140625 0.150390625 0.05078125 0.03515625
0 0.607421875 0.181640625 0.12890625 0.14453125
0 0.86328125 0.783203125 0.078125 0.43359375
0 0.392578125 0.564453125 0.11328125 0.12109375
0 0.357421875 0.666015625 0.11328125 0.07421875
0 0.40625 0.353515625 0.0703125 0.15234375
0 0.361328125 0.466796875 0.12109375 0.04296875
0 0.220703125 0.53125 0.04296875 0.1015625
0 0.259765625 0.607421875 0.01953125 0.05078125
0 0.18359375 0.81640625 0.046875 0.0234375
0 0.201171875 0.966796875 0.05859375 0.03515625
0 0.26171875 0.93359375 0.03125 0.0390625
0 0.3125 0.873046875 0.0546875 0.11328125
0 0.41796875 0.92578125 0.046875 0.1015625
0 0.0078125 0.66015625 0.015625 0.0625
0 0.27734375 0.328125 0.0390625 0.046875
0 0.40625 0.21875 0.0546875 0.0859375
0 0.119140625 0.744140625 0.05078125 0.28515625
0 0.30078125 0.7578125 0.0625 0.0859375
0 0.224609375 0.443359375 0.04296875 0.06640625
0 0.185546875 0.14453125 0.05078125 0.234375
0 0.134765625 0.419921875 0.04296875 0.23046875
0 0.025390625 0.462890625 0.04296875 0.08984375