2 0.119140625 0.73828125 0.15234375 0.5234375
2 0.259765625 0.794921875 0.12109375 0.23828125
2 0.5625 0.912109375 0.0703125 0.10546875
2 0.904296875 0.640625 0.08203125 0.234375
2 0.974609375 0.341796875 0.05078125 0.35546875
2 0.83203125 0.939453125 0.0546875 0.10546875
2 0.7734375 0.65625 0.0703125 0.1875
2 0.80859375 0.39453125 0.0703125 0.109375
2 0.8515625 0.1640625 0.078125 0.3203125
2 0.310546875 0.5234375 0.08984375 0.1640625
2 0.4609375 0.509765625 0.171875 0.61328125
2 0.380859375 0.134765625 0.08984375 0.20703125
2 0.630859375 0.1171875 0.08984375 0.1171875
2 0.205078125 0.458984375 0.12890625 0.16015625
2 0.10546875 0.361328125 0.09375 0.25390625
2 0.900390625 0.978515625 0.10546875 0.04296875
2 0.98046875 0.76171875 0.0390625 0.0546875
2 0.98828125 0.65625 0.0234375 0.1171875