0 0.439453125 0.12890625 0.17578125 0.2578125
0 0.384765625 0.3515625 0.16015625 0.1875
0 0.330078125 0.53125 0.17578125 0.1640625
0 0.3203125 0.70703125 0.1484375 0.1796875
0 0.634765625 0.1171875 0.14453125 0.234375
0 0.818359375 0.064453125 0.09765625 0.12890625
0 0.712890625 0.310546875 0.05859375 0.17578125
0 0.62890625 0.451171875 0.0859375 0.16796875
0 0.474609375 0.4921875 0.05859375 0.0625
0 0.59375 0.6328125 0.125 0.1796875
0 0.564453125 0.779296875 0.12890625 0.11328125
0 0.52734375 0.919921875 0.203125 0.16015625
0 0.298828125 0.853515625 0.07421875 0.11328125
0 0.423828125 0.693359375 0.05859375 0.10546875
0 0.38671875 0.859375 0.0625 0.1171875
0 0.47265625 0.798828125 0.046875 0.07421875
0 0.64453125 0.96875 0.0390625 0.0546875
0 0.732421875 0.888671875 0.14453125 0.19921875
0 0.6953125 0.732421875 0.046875 0.05859375
0 0.716796875 0.505859375 0.03515625 0.02734375
0 0.73828125 0.634765625 0.0625 0.09765625
0 0.8203125 0.63671875 0.0859375 0.125
0 0.765625 0.369140625 0.03125 0.05078125
0 0.8359375 0.396484375 0.078125 0.18359375
0 0.9375 0.3984375 0.125 0.2578125
0 0.86328125 0.7421875 0.1015625 0.125
0 0.607421875 0.33203125 0.05078125 0.078125