0 0.54296875 0.5390625 0.28125 0.625
0 0.744140625 0.107421875 0.10546875 0.16015625
0 0.90234375 0.083984375 0.0859375 0.06640625
0 0.7890625 0.341796875 0.1875 0.08203125
0 0.8515625 0.732421875 0.28125 0.53515625
0 0.517578125 0.93359375 0.32421875 0.1328125
0 0.3515625 0.814453125 0.1171875 0.05859375
0 0.142578125 0.890625 0.20703125 0.0625
0 0.115234375 0.736328125 0.18359375 0.09765625
0 0.138671875 0.337890625 0.18359375 0.63671875
0 0.3515625 0.490234375 0.125 0.23046875
0 0.513671875 0.03125 0.28515625 0.0625
0 0.46484375 0.162109375 0.1875 0.10546875