0 0.326171875 0.61328125 0.35546875 0.65625
0 0.744140625 0.232421875 0.13671875 0.45703125
0 0.5859375 0.537109375 0.140625 0.49609375
0 0.55078125 0.875 0.078125 0.1953125
0 0.154296875 0.13671875 0.29296875 0.2734375
0 0.34375 0.115234375 0.0859375 0.18359375
0 0.064453125 0.341796875 0.12109375 0.11328125
0 0.5 0.216796875 0.0234375 0.03515625
0 0.564453125 0.142578125 0.03515625 0.04296875
0 0.404296875 0.138671875 0.05078125 0.03515625
0 0.482421875 0.046875 0.09765625 0.046875
0 0.033203125 0.548828125 0.05078125 0.12890625
0 0.265625 0.9765625 0.46875 0.046875