0 0.455078125 0.462890625 0.30859375 0.91796875
0 0.09375 0.92578125 0.1875 0.1484375
0 0.1796875 0.423828125 0.2109375 0.80078125
0 0.037109375 0.43359375 0.06640625 0.8125
0 0.8515625 0.451171875 0.265625 0.76953125
0 0.958984375 0.91796875 0.05859375 0.1640625
0 0.66796875 0.943359375 0.03125 0.05859375
0 0.806640625 0.94140625 0.05859375 0.0546875
0 0.732421875 0.9765625 0.03515625 0.046875
0 0.658203125 0.423828125 0.07421875 0.09765625
0 0.654296875 0.234375 0.06640625 0.0625
0 0.658203125 0.08984375 0.07421875 0.1640625
0 0.408203125 0.970703125 0.32421875 0.05859375