0 0.541015625 0.271484375 0.14453125 0.31640625
0 0.1484375 0.486328125 0.1328125 0.11328125
0 0.125 0.65234375 0.109375 0.21875
0 0.154296875 0.8828125 0.10546875 0.21875
0 0.669921875 0.630859375 0.11328125 0.58984375
0 0.3515625 0.4921875 0.0625 0.1171875
0 0.25 0.6171875 0.109375 0.140625
0 0.44140625 0.615234375 0.0625 0.16796875
0 0.359375 0.671875 0.0625 0.1796875
0 0.271484375 0.767578125 0.11328125 0.08203125
0 0.2734375 0.875 0.1171875 0.109375
0 0.513671875 0.484375 0.18359375 0.0859375
0 0.5546875 0.765625 0.1171875 0.4609375
0 0.427734375 0.857421875 0.12890625 0.28515625
0 0.27734375 0.984375 0.0859375 0.03125
0 0.15625 0.236328125 0.0703125 0.23828125
0 0.173828125 0.03125 0.08203125 0.0625
0 0.533203125 0.03515625 0.16015625 0.0703125
0 0.75 0.162109375 0.25 0.32421875
0 0.330078125 0.037109375 0.16015625 0.07421875
0 0.298828125 0.16015625 0.05078125 0.0234375
0 0.34375 0.2421875 0.140625 0.0703125
0 0.408203125 0.3984375 0.10546875 0.0625