1 0.05078125 0.486328125 0.0859375 0.73046875
1 0.166015625 0.72265625 0.13671875 0.5546875
1 0.21484375 0.07421875 0.2421875 0.1484375
1 0.361328125 0.658203125 0.25390625 0.68359375
1 0.744140625 0.876953125 0.51171875 0.24609375
1 0.177734375 0.208984375 0.14453125 0.09765625
1 0.740234375 0.150390625 0.28515625 0.30078125
1 0.802734375 0.396484375 0.09765625 0.18359375
1 0.546875 0.376953125 0.0390625 0.04296875
1 0.63671875 0.490234375 0.046875 0.04296875
1 0.783203125 0.529296875 0.18359375 0.08203125
1 0.611328125 0.583984375 0.05078125 0.07421875
1 0.7734375 0.689453125 0.4140625 0.13671875
1 0.708984375 0.59765625 0.08203125 0.0546875
1 0.384765625 0.083984375 0.05078125 0.12109375