2 0.6721428571428572 0.766497461928934 0.12142857142857143 0.09137055837563451
2 0.8621428571428571 0.7119289340101523 0.2757142857142857 0.11421319796954314
2 0.9271428571428572 0.6129441624365483 0.1457142857142857 0.11421319796954314
2 0.45571428571428574 0.7906091370558376 0.14857142857142858 0.13959390862944163
2 0.30857142857142855 0.7753807106598984 0.05142857142857143 0.06345177664974619
2 0.09285714285714286 0.7246192893401016 0.18285714285714286 0.13959390862944163
2 0.15071428571428572 0.8058375634517766 0.30142857142857143 0.09390862944162437
2 0.34285714285714286 0.9543147208121827 0.6857142857142857 0.09137055837563451
2 0.5807142857142857 0.5875634517766497 0.2814285714285714 0.13959390862944163
2 0.34714285714285714 0.6383248730964467 0.26285714285714284 0.07360406091370558
2 0.175 0.5888324873096447 0.1357142857142857 0.06598984771573604
2 0.17857142857142858 0.4682741116751269 0.23714285714285716 0.08883248730964467
2 0.405 0.37944162436548223 0.13 0.07868020304568528
2 0.24142857142857144 0.3032994923857868 0.06571428571428571 0.06852791878172589
2 0.20142857142857143 0.35786802030456855 0.1457142857142857 0.06091370558375635
2 0.07642857142857143 0.32741116751269034 0.15285714285714286 0.1116751269035533
2 0.075 0.2068527918781726 0.09571428571428571 0.07360406091370558
2 0.2392857142857143 0.10532994923857868 0.4785714285714286 0.08883248730964467
2 0.3171428571428571 0.18527918781725888 0.10857142857142857 0.07614213197969544
2 0.6685714285714286 0.33883248730964466 0.26857142857142857 0.10406091370558376
2 0.8464285714285714 0.2715736040609137 0.07 0.06598984771573604
2 0.6292857142857143 0.13324873096446702 0.35285714285714287 0.12436548223350254
2 0.8985714285714286 0.3934010152284264 0.20285714285714285 0.116751269035533
2 0.7292857142857143 0.44923857868020306 0.23 0.07106598984771574
2 0.8357142857142857 0.5025380710659898 0.23714285714285716 0.1319796954314721
2 0.9607142857142857 0.8121827411167513 0.07857142857142857 0.07614213197969544
2 0.8285714285714286 0.8071065989847716 0.06285714285714286 0.050761421319796954
2 0.8028571428571428 0.9175126903553299 0.20285714285714285 0.09390862944162437
2 0.4992857142857143 0.36548223350253806 0.032857142857142856 0.08121827411167512