2 0.19921875 0.599609375 0.0625 0.11328125
2 0.130859375 0.275390625 0.14453125 0.55078125
2 0.234375 0.068359375 0.0625 0.13671875
2 0.333984375 0.103515625 0.05078125 0.10546875
2 0.755859375 0.498046875 0.43359375 0.99609375
2 0.458984375 0.203125 0.15234375 0.2109375
2 0.263671875 0.7578125 0.04296875 0.1015625
2 0.13671875 0.8671875 0.0546875 0.1484375
2 0.240234375 0.916015625 0.09765625 0.16796875
2 0.32421875 0.919921875 0.0625 0.16015625
2 0.447265625 0.783203125 0.17578125 0.43359375
2 0.48828125 0.43359375 0.1171875 0.25
2 0.287109375 0.5234375 0.03515625 0.0859375
2 0.3984375 0.501953125 0.0390625 0.09765625
2 0.080078125 0.62890625 0.04296875 0.1484375