2 0.540133779264214 0.05660377358490566 0.1705685618729097 0.11320754716981132
2 0.7842809364548495 0.14016172506738545 0.13712374581939799 0.2803234501347709
2 0.6254180602006689 0.3032345013477089 0.20066889632107024 0.16442048517520216
2 0.6036789297658863 0.5256064690026954 0.0903010033444816 0.23180592991913745
2 0.8177257525083612 0.37601078167115903 0.11036789297658862 0.20215633423180593
2 0.17391304347826086 0.11590296495956873 0.2140468227424749 0.23180592991913745
2 0.3729096989966555 0.2371967654986523 0.08361204013377926 0.23180592991913745
2 0.46488294314381273 0.25067385444743934 0.04013377926421405 0.0862533692722372
2 0.3060200668896321 0.261455525606469 0.056856187290969896 0.11320754716981132
2 0.16220735785953178 0.4636118598382749 0.11036789297658862 0.39892183288409705
2 0.10367892976588629 0.8342318059299192 0.10702341137123746 0.33153638814016173
2 0.48494983277591974 0.46495956873315364 0.07357859531772576 0.20754716981132076
2 0.43645484949832775 0.6293800539083558 0.07023411371237458 0.2398921832884097
2 0.3277591973244147 0.4474393530997305 0.1605351170568562 0.12398921832884097
2 0.3277591973244147 0.578167115902965 0.06688963210702341 0.13746630727762804
2 0.24247491638795987 0.5849056603773585 0.043478260869565216 0.1347708894878706
2 0.919732441471572 0.8611859838274932 0.13377926421404682 0.2776280323450135
2 0.8294314381270903 0.5876010781671159 0.20066889632107024 0.21024258760107817
2 0.7725752508361204 0.7884097035040432 0.1605351170568562 0.19137466307277629
2 0.49331103678929766 0.7035040431266847 0.043478260869565216 0.09703504043126684
2 0.20066889632107024 0.9177897574123989 0.046822742474916385 0.1320754716981132
2 0.30267558528428096 0.8355795148247979 0.10367892976588629 0.32345013477088946
2 0.4230769230769231 0.8800539083557951 0.13043478260869565 0.2398921832884097
2 0.6923076923076923 0.9501347708894878 0.12040133779264214 0.05121293800539083
2 0.5819397993311036 0.8045822102425876 0.05351170568561873 0.05660377358490566
2 0.5668896321070234 0.9083557951482479 0.03678929765886288 0.0431266846361186