2 0.07421875 0.447265625 0.1484375 0.66015625
2 0.169921875 0.158203125 0.12109375 0.27734375
2 0.51953125 0.666015625 0.0859375 0.10546875
2 0.71484375 0.63671875 0.0625 0.1171875
2 0.78515625 0.49609375 0.078125 0.109375
2 0.88671875 0.638671875 0.078125 0.53515625
2 0.857421875 0.025390625 0.11328125 0.05078125
2 0.69140625 0.041015625 0.078125 0.08203125
2 0.482421875 0.822265625 0.06640625 0.07421875
2 0.2734375 0.5703125 0.109375 0.0625
2 0.3515625 0.16796875 0.03125 0.0703125
2 0.3125 0.072265625 0.0625 0.08203125
2 0.525390625 0.048828125 0.08203125 0.09765625
2 0.42578125 0.70703125 0.0703125 0.078125
2 0.712890625 0.9609375 0.06640625 0.078125
2 0.357421875 0.01953125 0.07421875 0.0390625