2 0.869140625 0.611328125 0.12890625 0.41015625
2 0.912109375 0.154296875 0.08203125 0.30859375
2 0.640625 0.037109375 0.0859375 0.07421875
2 0.5703125 0.52734375 0.1171875 0.1796875
2 0.658203125 0.8828125 0.09765625 0.140625
2 0.703125 0.49609375 0.0859375 0.3359375
2 0.28515625 0.7578125 0.109375 0.1796875
2 0.033203125 0.853515625 0.06640625 0.25390625
2 0.115234375 0.91015625 0.15234375 0.125
2 0.064453125 0.5390625 0.05078125 0.09375
2 0.16015625 0.552734375 0.078125 0.11328125
2 0.146484375 0.291015625 0.08984375 0.24609375
2 0.361328125 0.390625 0.12109375 0.515625
2 0.23046875 0.53125 0.0625 0.1640625
2 0.4453125 0.572265625 0.09375 0.08984375
2 0.90234375 0.970703125 0.078125 0.05859375
2 0.509765625 0.234375 0.11328125 0.21875
2 0.28515625 0.01953125 0.078125 0.0390625