0 0.17578125 0.4140625 0.0390625 0.0703125
0 0.091796875 0.43359375 0.05078125 0.140625
0 0.1015625 0.828125 0.078125 0.109375
0 0.2265625 0.962890625 0.0625 0.07421875
0 0.865234375 0.060546875 0.05859375 0.08203125
0 0.79296875 0.2578125 0.03125 0.0625
0 0.95703125 0.4453125 0.0859375 0.125
0 0.931640625 0.59375 0.07421875 0.1171875
0 0.869140625 0.76171875 0.08203125 0.09375
0 0.98828125 0.76953125 0.0234375 0.078125
0 0.939453125 0.826171875 0.05859375 0.08984375
0 0.689453125 0.044921875 0.07421875 0.08984375
0 0.685546875 0.505859375 0.06640625 0.06640625
0 0.822265625 0.884765625 0.07421875 0.06640625
0 0.677734375 0.9765625 0.08203125 0.046875
0 0.560546875 0.943359375 0.05078125 0.04296875
0 0.5234375 0.837890625 0.0625 0.12109375
0 0.404296875 0.94921875 0.06640625 0.1015625
0 0.265625 0.15234375 0.03125 0.0625
0 0.205078125 0.09375 0.01953125 0.078125
0 0.392578125 0.24609375 0.18359375 0.4921875
0 0.23828125 0.259765625 0.046875 0.04296875
0 0.517578125 0.62109375 0.04296875 0.2890625
0 0.412109375 0.67578125 0.04296875 0.0625
0 0.3671875 0.5703125 0.09375 0.15625
0 0.298828125 0.673828125 0.04296875 0.11328125
0 0.33984375 0.78125 0.0390625 0.03125
0 0.515625 0.193359375 0.0546875 0.30859375
0 0.68359375 0.767578125 0.1796875 0.35546875
0 0.70703125 0.27734375 0.0859375 0.3671875
0 0.931640625 0.224609375 0.04296875 0.27734375