1 0.28515625 0.50390625 0.2109375 0.28125
1 0.302734375 0.26171875 0.25390625 0.1953125
1 0.8828125 0.310546875 0.234375 0.62109375
1 0.693359375 0.14453125 0.13671875 0.2890625
1 0.666015625 0.484375 0.19140625 0.390625
1 0.177734375 0.82421875 0.23828125 0.3515625
1 0.111328125 0.462890625 0.12890625 0.37109375
1 0.375 0.080078125 0.2265625 0.15234375
1 0.494140625 0.8125 0.20703125 0.0625
1 0.560546875 0.732421875 0.28515625 0.10546875
1 0.48046875 0.193359375 0.1015625 0.07421875
1 0.431640625 0.484375 0.07421875 0.09375
1 0.453125 0.369140625 0.0390625 0.03515625