2 0.412109375 0.060546875 0.64453125 0.12109375
2 0.90234375 0.08203125 0.078125 0.1640625
2 0.771484375 0.216796875 0.04296875 0.13671875
2 0.896484375 0.583984375 0.08203125 0.83203125
2 0.109375 0.4375 0.1171875 0.2421875
2 0.103515625 0.216796875 0.07421875 0.19921875
2 0.4375 0.177734375 0.5234375 0.12109375
2 0.2421875 0.291015625 0.125 0.08984375
2 0.078125 0.779296875 0.046875 0.44140625
2 0.27734375 0.52734375 0.125 0.3359375
2 0.1953125 0.576171875 0.046875 0.25390625
2 0.43359375 0.4765625 0.171875 0.4296875
2 0.798828125 0.732421875 0.11328125 0.53515625
2 0.646484375 0.541015625 0.12890625 0.12890625
2 0.615234375 0.4140625 0.12890625 0.125
2 0.58203125 0.294921875 0.0546875 0.10546875
2 0.73046875 0.376953125 0.0625 0.05859375
2 0.1953125 0.82421875 0.0546875 0.125
2 0.251953125 0.88671875 0.05078125 0.046875
2 0.3671875 0.841796875 0.15625 0.30859375
2 0.57421875 0.810546875 0.046875 0.05078125
2 0.66015625 0.93359375 0.1171875 0.1328125
2 0.13671875 0.970703125 0.0625 0.05859375
2 0.267578125 0.73828125 0.05078125 0.0859375