1 0.342 0.12714285714285714 0.124 0.12285714285714286
1 0.49866666666666665 0.09571428571428571 0.096 0.15714285714285714
1 0.10933333333333334 0.5071428571428571 0.216 0.6371428571428571
1 0.458 0.7342857142857143 0.47333333333333333 0.41714285714285715
1 0.42533333333333334 0.3757142857142857 0.128 0.1
1 0.5653333333333334 0.2 0.024 0.05142857142857143
1 0.5593333333333333 0.31 0.02 0.04285714285714286
1 0.7386666666666667 0.46714285714285714 0.12 0.22
1 0.9506666666666667 0.15857142857142856 0.06133333333333333 0.07714285714285714
1 0.9366666666666666 0.03857142857142857 0.028 0.054285714285714284
1 0.8873333333333333 0.3414285714285714 0.03333333333333333 0.06
1 0.8466666666666667 0.6657142857142857 0.07466666666666667 0.13142857142857142
1 0.738 0.7885714285714286 0.084 0.12
1 0.6593333333333333 0.011428571428571429 0.036 0.022857142857142857