2 0.265625 0.134765625 0.0703125 0.26953125
2 0.12890625 0.1953125 0.15625 0.390625
2 0.197265625 0.654296875 0.15234375 0.33203125
2 0.171875 0.4375 0.078125 0.09375
2 0.24609375 0.91015625 0.1484375 0.1796875
2 0.708984375 0.24609375 0.16015625 0.4921875
2 0.8984375 0.806640625 0.109375 0.38671875
2 0.41015625 0.3203125 0.0625 0.0859375
2 0.41015625 0.1953125 0.0703125 0.1171875
2 0.33203125 0.095703125 0.0625 0.19140625
2 0.4609375 0.033203125 0.0390625 0.06640625
2 0.59375 0.412109375 0.046875 0.08203125
2 0.525390625 0.412109375 0.04296875 0.07421875
2 0.466796875 0.796875 0.08203125 0.265625
2 0.537109375 0.935546875 0.05078125 0.09765625
2 0.443359375 0.98046875 0.08203125 0.0390625
2 0.802734375 0.744140625 0.08203125 0.15234375
2 0.724609375 0.71875 0.05859375 0.0546875
2 0.615234375 0.697265625 0.07421875 0.13671875
2 0.662109375 0.568359375 0.03515625 0.05078125
2 0.630859375 0.51171875 0.04296875 0.0390625
2 0.568359375 0.25390625 0.03515625 0.125
2 0.576171875 0.107421875 0.03515625 0.05078125
2 0.49609375 0.173828125 0.03125 0.08203125
2 0.431640625 0.55078125 0.05078125 0.0859375
2 0.36328125 0.435546875 0.046875 0.08984375
2 0.30859375 0.654296875 0.0625 0.16015625
2 0.728515625 0.95703125 0.24609375 0.0859375
2 0.6953125 0.806640625 0.0234375 0.05078125
2 0.63671875 0.796875 0.046875 0.0390625
2 0.716796875 0.87109375 0.04296875 0.03125
2 0.685546875 0.63671875 0.03515625 0.03125