0 0.912109375 0.51953125 0.07421875 0.1171875
0 0.859375 0.361328125 0.1328125 0.14453125
0 0.7734375 0.583984375 0.125 0.22265625
0 0.8671875 0.642578125 0.0546875 0.08203125
0 0.9765625 0.66015625 0.046875 0.1640625
0 0.91015625 0.83984375 0.0859375 0.0859375
0 0.76953125 0.787109375 0.078125 0.05078125
0 0.54296875 0.60546875 0.265625 0.6484375
0 0.91796875 0.220703125 0.0859375 0.05859375
0 0.951171875 0.087890625 0.07421875 0.16015625
0 0.765625 0.087890625 0.1015625 0.16796875
0 0.611328125 0.212890625 0.05859375 0.04296875
0 0.341796875 0.552734375 0.10546875 0.12890625
0 0.263671875 0.708984375 0.19140625 0.10546875
0 0.138671875 0.892578125 0.05859375 0.21484375
0 0.2421875 0.876953125 0.09375 0.14453125
0 0.37109375 0.88671875 0.0703125 0.2109375
0 0.873046875 0.9453125 0.24609375 0.09375
0 0.296875 0.931640625 0.0390625 0.13671875
0 0.52734375 0.962890625 0.234375 0.06640625