2 0.12852112676056338 0.16353677621283255 0.25704225352112675 0.3270735524256651
2 0.3685446009389671 0.13849765258215962 0.04929577464788732 0.04538341158059468
2 0.3380281690140845 0.23082942097026604 0.1431924882629108 0.06416275430359937
2 0.7717136150234741 0.23395931142410015 0.21244131455399062 0.07042253521126761
2 0.4536384976525822 0.22769953051643194 0.03403755868544601 0.0297339593114241
2 0.4442488262910798 0.05712050078247261 0.01995305164319249 0.026604068857589983
2 0.5980046948356808 0.10719874804381847 0.01995305164319249 0.023474178403755867
2 0.9330985915492958 0.13145539906103287 0.04225352112676056 0.04381846635367762
2 0.36208920187793425 0.284037558685446 0.045774647887323945 0.03599374021909233
2 0.7758215962441315 0.3951486697965571 0.44366197183098594 0.18935837245696402
2 0.2834507042253521 0.5187793427230047 0.5410798122065728 0.1267605633802817
2 0.48532863849765256 0.42801251956181535 0.09272300469483569 0.048513302034428794
2 0.15316901408450703 0.43896713615023475 0.16549295774647887 0.04225352112676056
2 0.6449530516431925 0.5359937402190923 0.17488262910798122 0.06729264475743349
2 0.8585680751173709 0.6103286384976526 0.2828638497652582 0.053208137715179966
2 0.4078638497652582 0.7167449139280125 0.465962441314554 0.14397496087636932
2 0.02112676056338028 0.7143974960876369 0.04225352112676056 0.07355242566510173
2 0.0715962441314554 0.7574334898278561 0.056338028169014086 0.07198748043818466
2 0.06044600938967136 0.8497652582159625 0.12089201877934272 0.0782472613458529
2 0.4706572769953052 0.798904538341158 0.03286384976525822 0.03599374021909233
2 0.3961267605633803 0.7996870109546166 0.03403755868544601 0.03442879499217527
2 0.2887323943661972 0.8435054773082942 0.028169014084507043 0.028169014084507043
2 0.20246478873239437 0.8982785602503912 0.04812206572769953 0.04381846635367762
2 0.9008215962441315 0.7214397496087637 0.1983568075117371 0.0594679186228482
2 0.7200704225352113 0.7848200312989045 0.15845070422535212 0.13615023474178403
2 0.8996478873239436 0.8442879499217527 0.1983568075117371 0.09546165884194054
2 0.6208920187793427 0.8137715179968701 0.03755868544600939 0.050078247261345854
2 0.9008215962441315 0.9663536776212832 0.1983568075117371 0.06729264475743349
2 0.4835680751173709 0.9131455399061033 0.12441314553990611 0.07042253521126761
2 0.3227699530516432 0.9773082942097027 0.07746478873239436 0.04538341158059468
2 0.6596244131455399 0.945226917057903 0.22065727699530516 0.0594679186228482
2 0.3274647887323944 0.9123630672926447 0.19248826291079812 0.053208137715179966