1 0.654296875 0.107421875 0.62109375 0.21484375
1 0.630859375 0.4453125 0.16015625 0.453125
1 0.857421875 0.69140625 0.28515625 0.6171875
1 0.62890625 0.7734375 0.171875 0.109375
1 0.591796875 0.94921875 0.16015625 0.1015625
1 0.37109375 0.294921875 0.15625 0.07421875
1 0.35546875 0.52734375 0.171875 0.15625
1 0.341796875 0.69140625 0.24609375 0.1484375
1 0.43359375 0.84765625 0.0625 0.0625
1 0.3046875 0.794921875 0.0625 0.05078125
1 0.279296875 0.185546875 0.12109375 0.07421875
1 0.265625 0.27734375 0.0546875 0.046875
1 0.046875 0.34765625 0.046875 0.046875
1 0.138671875 0.33203125 0.05859375 0.0390625
1 0.08984375 0.505859375 0.140625 0.12890625
1 0.208984375 0.45703125 0.04296875 0.0546875
1 0.310546875 0.353515625 0.05078125 0.02734375
1 0.33984375 0.431640625 0.0546875 0.03515625