2 0.1328125 0.408203125 0.125 0.30859375
2 0.12890625 0.837890625 0.2578125 0.32421875
2 0.076171875 0.59375 0.15234375 0.171875
2 0.341796875 0.55859375 0.09765625 0.3203125
2 0.419921875 0.478515625 0.13671875 0.37890625
2 0.634765625 0.4921875 0.23046875 0.984375
2 0.90234375 0.6015625 0.046875 0.09375
2 0.9609375 0.5859375 0.078125 0.328125
2 0.890625 0.84375 0.0625 0.2265625
2 0.908203125 0.16015625 0.18359375 0.3203125
2 0.740234375 0.34765625 0.12890625 0.234375
2 0.86328125 0.5859375 0.0703125 0.1796875
2 0.40234375 0.021484375 0.09375 0.04296875
2 0.232421875 0.416015625 0.09765625 0.11328125
2 0.28125 0.12109375 0.0703125 0.109375
2 0.171875 0.130859375 0.125 0.26171875
2 0.77734375 0.974609375 0.09375 0.05078125