0 0.435546875 0.701171875 0.20703125 0.55859375
0 0.5859375 0.44921875 0.0859375 0.1171875
0 0.775390625 0.48046875 0.08984375 0.109375
0 0.654296875 0.796875 0.17578125 0.390625
0 0.244140625 0.1328125 0.25390625 0.265625
0 0.462890625 0.12890625 0.16015625 0.2578125
0 0.11328125 0.427734375 0.2265625 0.32421875
0 0.26953125 0.333984375 0.0703125 0.12890625
0 0.87890625 0.19921875 0.109375 0.3984375
0 0.599609375 0.083984375 0.09765625 0.15234375
0 0.255859375 0.78515625 0.05859375 0.1484375
0 0.091796875 0.822265625 0.18359375 0.22265625
0 0.326171875 0.357421875 0.03515625 0.06640625
0 0.615234375 0.27734375 0.03515625 0.1171875
0 0.787109375 0.66015625 0.08203125 0.234375
0 0.876953125 0.47265625 0.08203125 0.140625