0 0.255859375 0.775390625 0.20703125 0.44921875
0 0.82421875 0.384765625 0.296875 0.76953125
0 0.564453125 0.16796875 0.21484375 0.3359375
0 0.55859375 0.384765625 0.078125 0.09765625
0 0.326171875 0.185546875 0.26171875 0.36328125
0 0.361328125 0.466796875 0.18359375 0.15234375
0 0.416015625 0.6875 0.12109375 0.2890625
0 0.439453125 0.93359375 0.06640625 0.1328125
0 0.501953125 0.958984375 0.04296875 0.08203125
0 0.84765625 0.865234375 0.265625 0.18359375
0 0.5703125 0.59765625 0.1171875 0.3203125
0 0.642578125 0.806640625 0.12890625 0.08984375
0 0.658203125 0.900390625 0.10546875 0.08984375