2 0.896484375 0.404296875 0.12109375 0.80859375
2 0.802734375 0.748046875 0.06640625 0.18359375
2 0.779296875 0.326171875 0.02734375 0.16796875
2 0.791015625 0.5078125 0.03515625 0.1015625
2 0.734375 0.490234375 0.0625 0.23046875
2 0.6796875 0.26171875 0.0625 0.5234375
2 0.73828125 0.13671875 0.046875 0.078125
2 0.7890625 0.021484375 0.0390625 0.04296875
2 0.21484375 0.298828125 0.171875 0.29296875
2 0.111328125 0.642578125 0.22265625 0.39453125
2 0.025390625 0.548828125 0.05078125 0.30078125
2 0.1328125 0.0859375 0.15625 0.171875
2 0.341796875 0.525390625 0.04296875 0.18359375
2 0.326171875 0.52734375 0.02734375 0.0078125
2 0.28515625 0.60546875 0.078125 0.078125
2 0.46484375 0.15625 0.1328125 0.296875
2 0.328125 0.017578125 0.0546875 0.03515625
2 0.572265625 0.9453125 0.62109375 0.09375
2 0.462890625 0.865234375 0.11328125 0.26953125
2 0.546875 0.392578125 0.1171875 0.34765625
2 0.6484375 0.763671875 0.046875 0.05859375
2 0.330078125 0.748046875 0.07421875 0.12109375
2 0.20703125 0.787109375 0.1875 0.14453125
2 0.109375 0.9375 0.125 0.125