2 0.26953125 0.861328125 0.125 0.27734375
2 0.08203125 0.931640625 0.0703125 0.05078125
2 0.435546875 0.5 0.29296875 1
2 0.10546875 0.408203125 0.109375 0.11328125
2 0.779296875 0.9375 0.12890625 0.125
2 0.921875 0.318359375 0.09375 0.19140625
2 0.234375 0.10546875 0.1015625 0.2109375
2 0.64453125 0.205078125 0.1328125 0.41015625
2 0.734375 0.275390625 0.046875 0.17578125
2 0.634765625 0.4375 0.09765625 0.0546875
2 0.857421875 0.71484375 0.07421875 0.3125
2 0.794921875 0.15625 0.08984375 0.078125
2 0.919921875 0.126953125 0.05078125 0.23046875
2 0.251953125 0.45703125 0.08203125 0.140625
2 0.06640625 0.859375 0.0703125 0.046875
2 0.6640625 0.611328125 0.046875 0.05859375
2 0.111328125 0.68359375 0.08203125 0.1875
2 0.19921875 0.57421875 0.046875 0.0625
2 0.828125 0.029296875 0.078125 0.05859375
2 0.7109375 0.765625 0.0546875 0.078125
2 0.591796875 0.828125 0.05078125 0.078125