2 0.6875 0.28125 0.625 0.5625
2 0.107421875 0.814453125 0.19140625 0.37109375
2 0.248046875 0.724609375 0.09765625 0.23828125
2 0.3984375 0.62890625 0.2109375 0.2109375
2 0.689453125 0.822265625 0.16796875 0.35546875
2 0.88671875 0.93359375 0.2265625 0.1328125
2 0.369140625 0.92578125 0.16015625 0.1328125
2 0.931640625 0.70703125 0.13671875 0.328125
2 0.939453125 0.560546875 0.01171875 0.02734375
2 0.671875 0.599609375 0.390625 0.08984375
2 0.7890625 0.69140625 0.046875 0.0859375
2 0.546875 0.744140625 0.1328125 0.22265625