0 0.544921875 0.51953125 0.35546875 0.9609375
0 0.259765625 0.05078125 0.15234375 0.1015625
0 0.822265625 0.216796875 0.06640625 0.04296875
0 0.83984375 0.421875 0.046875 0.0546875
0 0.919921875 0.50390625 0.03515625 0.046875
0 0.857421875 0.55078125 0.03515625 0.0390625
0 0.8984375 0.623046875 0.0390625 0.02734375
0 0.76171875 0.654296875 0.03125 0.04296875
0 0.755859375 0.51953125 0.05859375 0.0625
0 0.91796875 0.85546875 0.1640625 0.109375
0 0.9375 0.75 0.0546875 0.1015625
0 0.75390625 0.83203125 0.0625 0.171875
0 0.80078125 0.984375 0.078125 0.03125
0 0.263671875 0.255859375 0.10546875 0.11328125