2 0.35546875 0.044921875 0.1328125 0.08984375
2 0.673828125 0.265625 0.51953125 0.53125
2 0.96484375 0.0546875 0.0625 0.109375
2 0.375 0.638671875 0.078125 0.45703125
2 0.3046875 0.80859375 0.0546875 0.3828125
2 0.5703125 0.765625 0.3046875 0.46875
2 0.353515625 0.91015625 0.04296875 0.0859375
2 0.251953125 0.4921875 0.06640625 0.109375
2 0.21875 0.60546875 0.0703125 0.1171875
2 0.09765625 0.8984375 0.1953125 0.203125
2 0.083984375 0.751953125 0.16015625 0.08984375
2 0.09765625 0.609375 0.0859375 0.1171875
2 0.25390625 0.861328125 0.0390625 0.08984375