2 0.5266666666666666 0.1885593220338983 0.11333333333333333 0.07203389830508475
2 0.6633333333333333 0.15466101694915255 0.1 0.0635593220338983
2 0.6333333333333333 0.2605932203389831 0.09333333333333334 0.0635593220338983
2 0.8916666666666667 0.25 0.11666666666666667 0.06779661016949153
2 0.8333333333333334 0.3135593220338983 0.08666666666666667 0.059322033898305086
2 0.8766666666666667 0.4639830508474576 0.24666666666666667 0.07203389830508475
2 0.48333333333333334 0.05296610169491525 0.4866666666666667 0.05508474576271186
2 0.8616666666666667 0.06991525423728813 0.27666666666666667 0.08898305084745763
2 0.30333333333333334 0.1419491525423729 0.04 0.038135593220338986
2 0.08166666666666667 0.20127118644067796 0.15666666666666668 0.0635593220338983
2 0.12833333333333333 0.2521186440677966 0.11 0.038135593220338986
2 0.4483333333333333 0.2923728813559322 0.09666666666666666 0.0423728813559322
2 0.23666666666666666 0.3453389830508475 0.36666666666666664 0.07203389830508475
2 0.145 0.4216101694915254 0.29 0.08898305084745763
2 0.515 0.4364406779661017 0.10333333333333333 0.05084745762711865
2 0.07 0.4745762711864407 0.05333333333333334 0.03389830508474576
2 0.05333333333333334 0.5254237288135594 0.10666666666666667 0.05084745762711865
2 0.21333333333333335 0.5826271186440678 0.2 0.05508474576271186
2 0.4033333333333333 0.5932203389830508 0.06 0.03389830508474576
2 0.36 0.6588983050847458 0.08666666666666667 0.046610169491525424
2 0.6733333333333333 0.5911016949152542 0.3466666666666667 0.08898305084745763
2 0.6233333333333333 0.7330508474576272 0.14 0.059322033898305086
2 0.4166666666666667 0.8008474576271186 0.14 0.05084745762711865
2 0.26666666666666666 0.7309322033898306 0.08666666666666667 0.07203389830508475
2 0.10833333333333334 0.7754237288135594 0.21666666666666667 0.1440677966101695
2 0.36666666666666664 0.9004237288135594 0.29333333333333333 0.1059322033898305
2 0.7216666666666667 0.885593220338983 0.11666666666666667 0.05084745762711865
2 0.83 0.8495762711864406 0.08 0.0635593220338983
2 0.9833333333333333 0.652542372881356 0.03333333333333333 0.059322033898305086
2 0.9766666666666667 0.875 0.04666666666666667 0.029661016949152543
2 0.7583333333333333 0.940677966101695 0.48333333333333334 0.059322033898305086