0 0.666015625 0.572265625 0.23046875 0.85546875
0 0.275390625 0.076171875 0.20703125 0.15234375
0 0.41796875 0.2109375 0.078125 0.390625
0 0.314453125 0.271484375 0.07421875 0.19140625
0 0.3828125 0.501953125 0.140625 0.23046875
0 0.435546875 0.7109375 0.04296875 0.0703125
0 0.353515625 0.72265625 0.06640625 0.1484375
0 0.42578125 0.810546875 0.0546875 0.05859375
0 0.33203125 0.875 0.0703125 0.09375
0 0.41796875 0.943359375 0.2265625 0.09765625
0 0.53125 0.205078125 0.09375 0.34765625
0 0.77734375 0.072265625 0.421875 0.14453125
0 0.859375 0.931640625 0.125 0.12890625
0 0.888671875 0.73046875 0.09765625 0.2109375
0 0.873046875 0.36328125 0.11328125 0.21875
0 0.04296875 0.12890625 0.0625 0.1484375
0 0.140625 0.31640625 0.0859375 0.1171875
0 0.13671875 0.59765625 0.0625 0.28125