2 0.15625 0.76953125 0.140625 0.4609375
2 0.35546875 0.501953125 0.2578125 0.99609375
2 0.458984375 0.001953125 0.00390625 0.00390625
2 0.857421875 0.826171875 0.08203125 0.34765625
2 0.513671875 0.162109375 0.16796875 0.32421875
2 0.666015625 0.181640625 0.15234375 0.36328125
2 0.85546875 0.19140625 0.21875 0.3828125
2 0.78125 0.197265625 0.0078125 0.01171875
2 0.705078125 0.11328125 0.09765625 0.2265625
2 0.533203125 0.642578125 0.09765625 0.71484375
2 0.70703125 0.673828125 0.2890625 0.65234375
2 0.89453125 0.515625 0.125 0.2734375