0 0.787109375 0.494140625 0.20703125 0.98828125
0 0.611328125 0.423828125 0.14453125 0.67578125
0 0.59765625 0.904296875 0.1796875 0.18359375
0 0.30078125 0.453125 0.1484375 0.3359375
0 0.203125 0.142578125 0.2890625 0.27734375
0 0.22265625 0.84375 0.0703125 0.1328125
0 0.50390625 0.73828125 0.046875 0.109375
0 0.193359375 0.36328125 0.05859375 0.109375
0 0.04296875 0.451171875 0.0859375 0.31640625
0 0.115234375 0.326171875 0.04296875 0.07421875
0 0.037109375 0.931640625 0.07421875 0.13671875
0 0.09375 0.79296875 0.046875 0.0703125
0 0.193359375 0.66796875 0.05078125 0.0546875
0 0.4296875 0.1328125 0.109375 0.265625
0 0.42578125 0.85546875 0.1328125 0.2890625
0 0.310546875 0.958984375 0.03515625 0.07421875
0 0.43359375 0.44921875 0.09375 0.3515625
0 0.52734375 0.609375 0.03125 0.1171875