2 0.8984375 0.685546875 0.140625 0.62890625
2 0.912109375 0.18359375 0.08203125 0.3671875
2 0.69921875 0.240234375 0.21875 0.21484375
2 0.71875 0.396484375 0.1015625 0.11328125
2 0.076171875 0.80078125 0.15234375 0.390625
2 0.189453125 0.6953125 0.08203125 0.3359375
2 0.048828125 0.50390625 0.09765625 0.2109375
2 0.181640625 0.154296875 0.35546875 0.30859375
2 0.517578125 0.232421875 0.14453125 0.24609375
2 0.5390625 0.517578125 0.203125 0.30859375
2 0.66015625 0.609375 0.0390625 0.0625
2 0.447265625 0.833984375 0.12890625 0.33203125
2 0.298828125 0.8828125 0.11328125 0.234375
2 0.31640625 0.625 0.1328125 0.265625
2 0.171875 0.38671875 0.109375 0.15625
2 0.0390625 0.349609375 0.078125 0.08203125
2 0.54296875 0.037109375 0.203125 0.07421875
2 0.736328125 0.0703125 0.04296875 0.078125