0 0.501953125 0.412109375 0.21484375 0.81640625
0 0.90625 0.345703125 0.0546875 0.06640625
0 0.826171875 0.529296875 0.05859375 0.04296875
0 0.8359375 0.6328125 0.0625 0.0625
0 0.88671875 0.8359375 0.2265625 0.25
0 0.28515625 0.771484375 0.1015625 0.45703125
0 0.529296875 0.94921875 0.08203125 0.0859375
0 0.650390625 0.115234375 0.06640625 0.13671875
0 0.603515625 0.9296875 0.05078125 0.1171875
0 0.380859375 0.912109375 0.07421875 0.17578125
0 0.94140625 0.181640625 0.1015625 0.08203125
0 0.6875 0.26171875 0.140625 0.1484375
0 0.630859375 0.458984375 0.04296875 0.11328125
0 0.96484375 0.521484375 0.0703125 0.10546875
0 0.724609375 0.658203125 0.08203125 0.04296875
0 0.634765625 0.63671875 0.03515625 0.0625
0 0.744140625 0.771484375 0.05078125 0.03515625