1 0.078125 0.35546875 0.125 0.1640625
1 0.228515625 0.1484375 0.33984375 0.28125
1 0.55859375 0.125 0.2578125 0.2421875
1 0.869140625 0.111328125 0.17578125 0.22265625
1 0.27734375 0.388671875 0.15625 0.16015625
1 0.52734375 0.396484375 0.15625 0.23046875
1 0.173828125 0.5625 0.21484375 0.2421875
1 0.41015625 0.59765625 0.1015625 0.125
1 0.080078125 0.87890625 0.16015625 0.2421875
1 0.275390625 0.81640625 0.22265625 0.234375
1 0.474609375 0.861328125 0.13671875 0.15234375
1 0.60546875 0.66796875 0.1640625 0.1484375
1 0.6484375 0.85546875 0.1171875 0.1171875