2 0.814453125 0.041015625 0.08984375 0.08203125
2 0.86328125 0.169921875 0.0703125 0.15234375
2 0.90625 0.349609375 0.078125 0.21484375
2 0.8828125 0.580078125 0.078125 0.22265625
2 0.916015625 0.830078125 0.07421875 0.28515625
2 0.224609375 0.064453125 0.11328125 0.12890625
2 0.15625 0.197265625 0.15625 0.16015625
2 0.12890625 0.34765625 0.125 0.1328125
2 0.119140625 0.49609375 0.13671875 0.1796875
2 0.12109375 0.662109375 0.1015625 0.18359375
2 0.140625 0.830078125 0.1171875 0.16015625
2 0.09765625 0.953125 0.09375 0.09375
2 0.83984375 0.9765625 0.09375 0.046875
2 0.517578125 0.046875 0.14453125 0.09375
2 0.521484375 0.15625 0.10546875 0.125
2 0.423828125 0.02734375 0.04296875 0.0390625
2 0.369140625 0.11328125 0.03515625 0.140625
2 0.439453125 0.107421875 0.05859375 0.04296875
2 0.4453125 0.193359375 0.046875 0.12890625
2 0.69140625 0.060546875 0.0390625 0.06640625
2 0.611328125 0.08203125 0.05859375 0.0859375
2 0.62890625 0.162109375 0.046875 0.08984375
2 0.68359375 0.13671875 0.046875 0.0390625
2 0.677734375 0.205078125 0.07421875 0.10546875
2 0.78515625 0.134765625 0.046875 0.06640625
2 0.78515625 0.2265625 0.046875 0.109375
2 0.576171875 0.294921875 0.06640625 0.20703125
2 0.669921875 0.306640625 0.06640625 0.12109375
2 0.724609375 0.32421875 0.05859375 0.0859375
2 0.783203125 0.3203125 0.04296875 0.1015625
2 0.83984375 0.44921875 0.03125 0.0625
2 0.572265625 0.474609375 0.05859375 0.14453125
2 0.56640625 0.630859375 0.0625 0.16796875
2 0.5234375 0.84375 0.03125 0.0625
2 0.49609375 0.958984375 0.0390625 0.07421875
2 0.658203125 0.390625 0.03515625 0.0625
2 0.7578125 0.419921875 0.0234375 0.05859375
2 0.71875 0.470703125 0.0234375 0.06640625
2 0.712890625 0.3984375 0.01953125 0.03125
2 0.6484375 0.48828125 0.03125 0.1015625
2 0.69140625 0.51953125 0.046875 0.0546875
2 0.744140625 0.546875 0.05078125 0.0546875
2 0.82421875 0.63671875 0.046875 0.078125
2 0.75390625 0.67578125 0.03125 0.0703125
2 0.689453125 0.583984375 0.03515625 0.07421875
2 0.7265625 0.947265625 0.0234375 0.07421875
2 0.818359375 0.8984375 0.06640625 0.09375
2 0.68359375 0.953125 0.0625 0.046875
2 0.595703125 0.81640625 0.08203125 0.09375
2 0.607421875 0.673828125 0.06640625 0.05078125
2 0.671875 0.732421875 0.046875 0.05859375
2 0.724609375 0.6953125 0.04296875 0.0546875
2 0.556640625 0.90625 0.04296875 0.0703125
2 0.6015625 0.98828125 0.0390625 0.0234375
2 0.853515625 0.3984375 0.03515625 0.0390625
2 0.482421875 0.349609375 0.08203125 0.25390625
2 0.3984375 0.2734375 0.0703125 0.0703125
2 0.419921875 0.201171875 0.02734375 0.05078125
2 0.33984375 0.14453125 0.046875 0.0546875
2 0.318359375 0.2265625 0.04296875 0.0234375
2 0.322265625 0.2734375 0.07421875 0.0625
2 0.2734375 0.34375 0.03125 0.0625
2 0.41015625 0.357421875 0.0625 0.08984375
2 0.421875 0.4453125 0.03125 0.078125
2 0.35546875 0.408203125 0.03125 0.03515625
2 0.318359375 0.484375 0.03515625 0.0625
2 0.236328125 0.515625 0.04296875 0.03125
2 0.26953125 0.544921875 0.0390625 0.04296875
2 0.2421875 0.564453125 0.0546875 0.06640625
2 0.201171875 0.57421875 0.03515625 0.09375
2 0.19921875 0.640625 0.046875 0.0859375
2 0.193359375 0.708984375 0.05078125 0.03515625
2 0.4453125 0.564453125 0.0859375 0.18359375
2 0.38671875 0.544921875 0.0234375 0.08203125
2 0.505859375 0.578125 0.01953125 0.1796875
2 0.3203125 0.583984375 0.046875 0.08203125
2 0.47265625 0.671875 0.0546875 0.09375
2 0.322265625 0.654296875 0.03515625 0.06640625
2 0.359375 0.63671875 0.015625 0.0546875
2 0.400390625 0.73046875 0.03515625 0.1328125
2 0.365234375 0.693359375 0.04296875 0.06640625
2 0.435546875 0.951171875 0.04296875 0.05859375
2 0.466796875 0.865234375 0.05078125 0.08203125
2 0.3828125 0.833984375 0.0546875 0.05078125
2 0.345703125 0.908203125 0.03515625 0.09765625
2 0.380859375 0.91015625 0.02734375 0.0625
2 0.34375 0.970703125 0.078125 0.05078125
2 0.341796875 0.76953125 0.04296875 0.046875
2 0.234375 0.734375 0.046875 0.0546875
2 0.2265625 0.86328125 0.0625 0.1171875
2 0.3046875 0.021484375 0.0625 0.04296875
2 0.306640625 0.390625 0.01171875 0.0390625
2 0.845703125 0.7734375 0.04296875 0.046875