1 0.470679012345679 0.03993055555555555 0.05324074074074074 0.04398148148148148
1 0.48032407407407407 0.13859953703703703 0.04861111111111111 0.04224537037037037
1 0.44830246913580246 0.27546296296296297 0.11805555555555555 0.09953703703703703
1 0.5368441358024691 0.4114583333333333 0.2743055555555556 0.12384259259259259
1 0.5399305555555556 0.7146990740740741 0.12384259259259259 0.12384259259259259
1 0.48823302469135804 0.8243634259259259 0.062114197530864196 0.06886574074074074
1 0.25887345679012347 0.48119212962962965 0.05169753086419753 0.06886574074074074
1 0.13290895061728394 0.43171296296296297 0.09143518518518519 0.05324074074074074
1 0.15142746913580246 0.32436342592592593 0.057484567901234566 0.06886574074074074
1 0.04861111111111111 0.3660300925925926 0.09722222222222222 0.08622685185185185
1 0.8969907407407407 0.056712962962962965 0.032407407407407406 0.05555555555555555